834.9216244120508,493.8059027345225
835.3916542121972,496.76885261377697
834.4491436744495,499.6169526622715
832.567979120641,501.9538779759036
831.6003174587635,504.79353128363897
830.4996462242287,507.5843237935665
829.398974989694,510.37511630349405
826.6632746403513,511.6063529170685
823.9275742910087,512.8375895306428
823.7753752353447,515.8337262844401
825.6948262402595,518.1393081718887
827.8771420827776,520.1978264651023
830.0594579252956,522.2563447583158
829.6848092418666,525.232859223929
829.2032428169719,528.1939559427841
829.6972257444714,531.1530066127353
828.9565805824808,534.06014347639
831.5056753342699,535.6419512859551
831.1504297870814,538.6208437984843
830.9391897235541,541.6133974965089
831.1646800774981,544.604911176952
831.3901704314421,547.596424857395
828.7887130686062,549.0905532285019
826.1872557057702,550.5846815996089
826.1678662561108,553.5846189404948
823.6292809691068,555.1832385764956
823.1916748536612,558.1511504498039
822.7540687382157,561.1190623231123
821.8765262582803,563.9878458973661
820.7496222742537,566.7681493719504
821.7473785159435,569.597368784115
822.7451347576332,572.4265881962797
824.3671049859391,574.9503180904024
823.2336039416716,577.7279385437122
822.2181984479917,580.5508717139103
821.2027929543118,583.3738048841084
820.8196791934979,586.3492416329362
818.9755006469449,588.7154634079255
817.1313221003917,591.0816851829147
816.251440162839,593.9497520886839
814.4258150809459,596.3303177904369
812.6001899990529,598.71088349219
813.2107530909408,601.6480952160574
811.539353025564,604.1393643346912
811.1083148186943,607.1082371955963
811.7053711053289,610.0482242347837
812.3024273919636,612.988211273971
809.5636700148965,614.2126327820964
811.0621382692827,616.8115927453503
810.6452490841335,619.7824854407039
812.0732677337327,622.4208111856409
809.0909497796345,622.0955733946892
808.0515641978327,624.9097655722674
807.9246320216713,627.9070790731636
806.7902859528004,630.6843545359216
808.9931701167405,632.7208469518813
806.001504411366,632.4973826207541
804.5260250505011,635.1094623775115
804.5295637684095,638.1094602904234
801.8959096209795,639.546076394929
800.1684802125401,641.9988274297586
797.6405308648285,643.6142134812661
796.5809646564419,646.4208697569874
794.1882928060326,648.2305994097972
791.6718579577246,649.8638647447079
788.7075171019063,650.3250407312108
787.8730012428292,653.2066346097698
789.1210926693686,655.9346866237532
789.1527276162078,658.9345198241393
789.1843625630469,661.9343530245254
789.6805407372799,664.8930363836254
790.176718911513,667.8517197427253
788.2193783035874,670.1252231503685
785.680361249857,671.7231569415083
785.7786787383872,674.7215454539344
785.1120062187175,677.6465322490358
782.1719891255686,678.2434405267406
779.3575081587444,679.2820438616978
776.3939650795423,679.7483189068306
773.8412115769244,681.3242153358105
771.4649606437239,683.1554530326877
769.2340728597256,685.1612296142658
768.9033783555628,688.1429474320541
768.5726838514001,691.1246652498425
765.575452481983,691.2535222177627
764.4367004912374,694.0289940521673
763.2979485004919,696.8044658865718
761.8576894686613,699.4361296039245
760.4174304368307,702.0677933212772
759.4585438863489,704.9104217850946
758.7405446324484,707.8232343556865
757.4307997876065,710.5222283240773
756.1210549427645,713.2212222924682
753.1835881139931,712.6118877128919
752.6875308807197,715.5705913515345
751.6657299810659,718.3912159138374
752.8802768612026,721.1343666344414
751.1282067221226,723.569577144386
749.3761365830427,726.0047876543306
747.4766822129969,728.326871437512
744.4938555601133,728.0063325805119
741.8221273508829,729.3708355581571
739.6543687046758,731.4446779947453
737.4866100584687,733.5185204313336
734.4868680097998,733.4791803570166
731.6752397171972,734.5254816254078
730.7064198842053,737.364740002379
730.6301963085388,740.363771507134
730.6543377339581,743.3636743708245
730.9200335756223,746.3518854945107
729.0294147966385,748.6811687818234
726.1401351821141,749.4886731527675
723.1419110631325,749.3854639847784
720.2671107020022,748.5278376770865
717.7032180644039,750.0855457828847
715.1393254268056,751.6432538886828
717.6401654430141,753.300299214958
717.0340428915854,756.238430500767
714.0764844555576,756.7412705324681
714.3507857372384,759.7287040140486
714.6250870189191,762.7161374956291
711.6970986543772,762.0627737859642
708.7067536954298,761.8222804877254
705.9836564459455,763.0811455995824
703.0678248652338,762.3755067451222
700.0702056257635,762.4950010761899
697.7238190083234,764.3643511882603
695.7392989634782,766.6141690012415
693.9426005681554,769.0166416600338
692.1459021728326,771.4191143188261
691.5205316947547,774.3532090284681
688.892468175738,772.9063910924397
685.8997905685708,773.1158683932615
682.9071129614035,773.3253456940832
681.9129864567861,776.1558425573243
679.9345940539234,778.4110506409154
677.9562016510607,780.6662587245066
675.7463836668302,782.6952250811945
673.5883102420125,784.7791442478359
670.9033320494889,786.1173864178757
668.026783889688,786.9691320866913
665.0708492286147,787.4814311004186
664.612357572944,790.446188325164
662.1978425395753,788.6657060439727
659.1992037317018,788.7560680930582
657.8497249228709,791.435416324348
655.7214868130728,793.5497962684458
653.1733232230273,795.1331036670157
650.6251596329818,796.7164110655856
648.2402618036967,798.536373247575
645.2412531869036,798.6134920935245
642.2422445701104,798.6906109394739
639.2471021266934,798.5199599985383
636.3522285557284,797.7327452831472
634.3502775656616,799.9670667088536
632.2889496995901,802.1467289369425
629.3304847995474,801.649249856764
626.3720198995047,801.1517707765853
624.7509020115117,803.6760482560295
623.1297841235188,806.2003257354737
620.6025815051396,807.81687976354
618.0753788867604,809.4334337916061
615.0777150169974,809.551803229883
614.0441304310784,812.3681311411445
611.2296093456707,811.3296365288354
609.0940184122322,813.4365896286968
606.1082492314483,813.7284498676484
603.1224800506644,814.0203101065999
603.0007181513068,817.0178380947704
600.1801405129695,818.0397685161355
597.7730830490068,819.8303199298574
595.3660255850441,821.6208713435793
592.4370467532623,820.9719622567467
589.4451069851417,820.7521977829607
586.4531672170211,820.5324333091747
584.0056064855152,822.2672089331647
581.0686665042742,822.8790778297338
578.1317265230333,823.4909467263029
575.1344887719757,823.3622382819989
572.3505101857236,824.4800321947079
570.55179072907,826.8809920686449
567.6167119807162,826.2602564236545
564.6421912684451,826.6504186107894
561.7866707086486,827.5702024617998
558.7934529218666,827.7718141700203
555.8168123996898,827.3981683460973
552.840171877513,827.0245225221744
550.342081227771,828.685709780033
547.9693008025475,826.8499774864573
545.0183059825392,826.309950105407
542.0673111625309,825.7699227243567
539.3166959901477,826.9674686205356
536.9244568070476,828.7777701674721
534.5689378764087,830.6355996987805
531.7046778172745,831.5277960413246
529.2991085981283,833.320346384243
526.590198596996,832.031235603214
523.6272496987938,831.5611996188019
520.7148098753166,832.2807093648267
517.7158529114289,832.2016073500008
514.813994369317,831.4405442766799
511.8497722450436,831.902482798529
508.90820081288916,831.3132820606367
506.0395278263994,830.4353781384539
503.0396990853017,830.403323121932
500.05803935107696,830.0721053245496
497.0763796168522,829.7408875271673
494.402859423905,831.1018760568411
491.9742651986768,832.8631057662169
489.29537882138635,834.2135011814815
486.6164924440959,835.5638965967462
484.08577996268286,833.9528427998728
484.5508037904888,830.9891031285163
482.6066464892603,833.2738902932385
479.69215627997113,832.5627315064986
476.77766607068196,831.8515727197587
474.41765302992906,833.70369000748
472.21559500675795,831.6663043143458
469.39023265405535,830.6576777353133
467.66070681995467,828.2064045173348
464.83457811715465,827.1999272174369
461.86805103293585,826.7530300720036
459.2663927122654,825.2592516471742
457.0472377126626,823.2405017647624
454.63283751954157,825.0211397704944
452.43459281948304,827.0626392778822
450.23634811942446,829.1041387852699
449.0914161412725,826.3312105919326
446.5350478062869,827.90123636748
443.9786794713014,829.4712621430274
442.4676930692336,826.8795599817507
439.48088341963165,826.5985473182553
436.49407377002973,826.3175346547599
433.7894388683572,825.019478396867
431.08480396668466,823.7214221389742
428.59189743837766,822.0524652668158
426.12991142361545,823.7667070418042
423.55694792389323,822.2240279341811
420.983984424171,820.6813488265578
417.9952178230052,820.421976114509
416.7578423464366,817.6890469295525
415.5204668698679,814.9561177445961
412.5618363861115,815.4526111086881
409.81986200458016,816.6698113761156
407.0778876230488,817.8870116435432
404.1165370345837,817.4070088391792
401.1551864461186,816.9270060348151
398.2340884611298,817.6105165044455
395.31299047614095,818.2940269740758
395.3262458241376,815.2940562582605
392.90792901761193,813.5187411247489
390.542417132284,811.6736520969856
387.6315415586189,810.9478398660059
384.68157674948355,811.4934657679416
381.8731826742213,810.4385142439218
379.06478859895907,809.3835627199019
376.6473494698737,807.6070526419212
374.25428288203494,805.7978449959696
371.6526119992359,804.3040884503453
369.05094111643683,802.810331904721
367.32574306884925,800.3560108791419
364.6885838569879,798.9258391092852
361.70884071300355,799.2738776069809
359.03035627580573,797.9226851263592
356.0889799477832,797.3325111715387
353.08953956373426,797.3904540963565
350.09009917968535,797.4483970211742
347.1768361020592,796.7322278787642
344.180184088498,796.8739201849043
341.2469568586946,797.5033469227699
338.3137296288912,798.1327736606354
338.1285057468825,795.1384971013421
335.2242152733224,794.386767864723
334.48258582538597,791.4798819429927
333.7409563774496,788.5729960212625
330.7411093126786,788.6032877360511
328.1389146484094,787.110443829526
327.106970135384,784.293514557777
327.40057580772174,781.3079165089481
325.70302805881073,778.834390353807
324.0054803098997,776.3608641986658
321.00682514758904,776.2710465080503
318.05176008041786,776.7883379624401
315.5630304687278,775.1131588914459
312.8856243884132,773.7598308894101
310.2082183080986,772.4065028873741
308.4598499857428,769.9686332827023
305.627447908751,770.9573185077627
303.2672445035624,769.1054438127209
302.84893524436677,766.1347507347218
301.4489313278089,763.4814529689928
300.048927411251,760.8281552032638
297.0752336801501,761.2245711383766
295.27732825900694,758.823001631445
292.4107533366379,757.938271042822
290.54101852709755,755.592190962775
288.18392142658865,753.736364123123
285.82682432607976,751.8805372834711
282.95777367863224,751.0038683708359
281.85773301790766,748.2128272488255
278.88565123563365,747.8045015461383
276.3249826779672,746.2414991348227
273.32735547326007,746.1222047862577
270.3297282685529,746.0029104376929
267.50534985101103,744.9915318960361
266.21386990265853,742.283750600768
264.6366211808837,739.731832406613
263.05937245910883,737.1799142124579
263.6066900413428,734.2302627984468
262.7517388860882,731.3546657261627
259.94916724442754,730.2843423201964
261.2125358406351,727.5633315171829
258.2801680967932,726.9299126866483
255.29910225008575,726.5933916359037
252.43777139929242,725.6918453185698
252.66163892587193,722.7002097574523
252.76901806712794,719.7021320866734
250.65147592940832,717.5770402545443
248.53393379168867,715.4519484224152
246.59195133951036,713.1653124313945
244.05604231018128,711.562450804501
241.5201332808522,709.9595891776077
242.2875723259815,707.0594103362238
242.14219906240467,704.0629346373006
241.99682579882784,701.0664589383774
239.50092406499496,699.401984686534
237.37331909070235,697.286967647982
235.23222551540198,695.185606588619
233.67238628425397,692.6230099420568
230.67748707467194,692.4481422079122
227.6825878650899,692.2732744737674
224.72294015153864,691.7828813542492
224.0427093784417,688.8610178914344
221.38686689631862,687.465847396423
220.21367051317827,684.7047587983178
219.04047413003792,681.9436702002126
220.36238094259937,679.2506120168636
218.31964092823677,677.053520022039
220.10760271317585,674.6445383584315
220.08464444802246,671.6446262067076
217.1065941398849,671.2823882155999
214.12854383174732,670.9201502244922
215.59720295849004,668.304229665791
215.46977095483487,665.3069373736639
214.25985356660178,662.56174158581
211.80028231876247,660.8440369322673
209.25498592361978,659.2561243840223
206.70968952847707,657.6682118357775
207.45196668567357,654.7614912400022
208.19424384287004,651.854770644227
206.46295455868494,649.4047426006189
204.07153174626868,647.5933627585496
201.6801089338524,645.7819829164803
199.59360365219334,643.6264097422157
197.1389020723016,641.9017532101268
195.75991853175492,639.2374701180172
197.54149203202473,636.8237601389318
196.13326585181696,634.1748171373976
195.60719372980466,631.22130260003
196.92090188519373,628.524235511049
198.2346100405828,625.8271684220681
197.24448065484444,622.9952708604502
194.2600853003948,623.3008594210007
192.8773775751829,620.6385072003809
190.1695998533515,619.3470197598095
188.99444785929654,616.5867629255877
187.81929586524157,613.8265060913658
185.85196975863835,611.5616378854259
186.65427547637597,608.6709103757346
185.440959299141,605.9272150839683
184.4481281628645,603.096263594656
184.55116376169417,600.098033505858
182.47682903361925,597.9307459301306
180.87388443931317,595.3948893435735
178.62287850879142,593.4117170614064
176.90929411837817,590.9492734504922
175.1957097279649,588.486829839578
174.45843019873405,585.5788375947849
174.65751941263,582.5854509700887
174.07776328141588,579.6420035307211
175.1755622341141,576.8500799179669
176.0939595167654,573.9941131059716
177.5589180543148,571.3761183612745
177.44255553149839,568.37837591682
176.83380410246357,565.4407881823603
176.2250526734288,562.5032004479006
173.54832019397537,561.1485406258644
173.493591207315,558.1490398777366
171.98126525006606,555.5581191535479
170.8139318269646,552.7945467048304
171.80538284867845,549.963111579043
171.29546305087027,547.0067655573799
170.7855432530621,544.0504195357169
170.15498221050117,541.1174359401942
170.298262573834,538.1208594373359
170.44154293716682,535.1242829344775
171.233901225572,532.2308129859908
168.5679199408299,530.8551154213332
165.72491763075993,529.8973378558532
163.8140241578837,527.5846584281505
161.9179091006763,525.2598471046597
163.4854637775597,522.7019627571997
165.05301845444308,520.1440784097397
166.14450148591413,517.3496795849455
167.2359845173852,514.5552807601514
165.1409178140082,512.408027745623
165.60987281709285,509.44490756495503
166.5898556171735,506.60948277992793
167.56983841725412,503.77405799490083
167.1766962001839,500.79992968610895
168.2934195774767,498.0155215086666
168.30958953056626,495.01556508688026
168.27218983411302,492.01579821882115
167.6538288995961,489.08021824977527
167.03546796507922,486.1446382807294
167.71760242377718,483.2232186634445
166.92377252721639,480.3301521078108
166.1299426306556,477.4370855521771
165.42393625496666,474.52134293708116
166.72993435386698,471.8205339905489
166.61388405777612,468.82277944276194
169.10077169235578,467.14486708123206
169.61546879229363,464.1893490394472
169.2229438333179,461.2151392020986
168.8304188743422,458.24092936475
170.8706055825162,456.0414662039332
173.26529238690682,454.234403640302
172.32908677927554,451.384224863411
171.39288117164426,448.53404608652005
173.98632271654176,447.02604709673267
173.65662107156552,444.0442193308649
172.6124361391245,441.2318043851531
172.49960077833444,438.2339271059178
171.73419674765833,435.3332105272385
171.92862047454514,432.33951725396827
172.12304420143198,429.345823980698
175.11934833033928,429.4946915966962
176.5021089708645,426.83236685861215
177.88486961138975,424.17004212052814
178.42220473005716,421.2185558897883
178.14528552652018,418.23136393835426
179.1488568294502,415.4042019974787
176.87467736740595,413.4476469191801
175.9623911440965,410.58972217441163
173.62609802216014,408.7077725341734
174.57848009967617,405.86295823822604
175.5308621771922,403.0181439422787
178.2432762150804,401.7364224097035
181.0695629524275,400.73038897174234
183.03704892941087,398.46565964346183
182.75796088542967,395.47866954242255
184.60258905683497,393.11279826332515
184.12105359825506,390.15169650855034
185.6649032304441,387.5794351856693
187.42220337183585,385.14799606180367
188.70358399237602,382.435420955875
191.47554767523,381.2881557986691
194.4698492979634,381.1033375309138
195.6873690799816,378.36150500860424
194.92367564400104,375.460337599467
195.3995378491203,372.49831883488446
197.5950070599377,370.45383480600265
198.17088186460066,367.5096255387537
197.8505194267047,364.52677993289586
197.53015698880873,361.543934327038
197.22640576650429,358.55935140894906
197.8317738878689,355.6210645887704
200.65357491967367,354.6025171245325
203.5557978328799,353.84284472009705
205.01052035302084,351.21914839822693
207.89920896937716,350.40953239187985
210.78789758573348,349.59991638553277
212.34497269853046,347.03563927626624
213.20622475551656,344.1619230595292
215.0978256577147,341.8334372797137
216.98942655991286,339.50495149989814
218.52496833312796,336.9277220838951
219.57667104495977,334.1181097608289
220.16330431082116,331.1760252257781
219.4662103961124,328.2581389918622
218.68445055556833,325.3617875712448
218.99876992040203,322.3782991203051
221.83871219422622,321.41148585945984
224.52577458626325,320.07743349868076
226.69845961346513,318.00875281462805
228.871144640667,315.94007213057534
228.5757394492478,312.9546515952265
228.2803342578286,309.96923105987764
228.32091136683,306.9695054893921
229.01595822902058,304.05113096590145
231.79223533171375,302.9143436291222
231.51207848564766,299.927453584008
233.24888015800815,297.4813301302784
234.98568183036866,295.03520667654885
235.46195053555343,292.07325324672223
237.55718246782843,294.22034503562537
240.21877184629105,292.8361694757866
239.88286178886057,289.85503471980576
242.14005494406018,287.87890743136506
245.0151275610385,287.02219426635503
247.18082123635537,284.9461954935489
249.09447910651636,282.63580298231386
251.00813697667735,280.32541047107884
253.59446511333377,278.8052437797126
256.3033607644362,277.5161028442683
256.0371855012381,274.52793438695846
258.2223477248489,272.47243783952655
260.4075099484596,270.41694129209463
261.6887224630247,267.7042867817447
264.4343145252732,266.4952689044087
265.77110822666606,263.8095692562879
268.509361382989,262.58402054167584
271.247614539312,261.3584718270638
273.3905391987729,259.25897810145415
276.3619494482873,258.8457939668593
278.74911152641823,257.0288027140642
281.22332785461174,255.33226106668255
284.0520079837896,254.3329769595368
286.058857921799,252.10305469041808
287.63513052879813,249.55053345281317
289.978741819801,247.6777050792872
292.3223531108038,245.80487670576122
292.52737760358826,242.81189074566075
294.1283513251491,240.27478941877771
296.03596147881535,237.95940100608553
298.5706539780282,236.35461630574903
299.7256816530712,233.58587813288315
302.7089527758126,233.2695027099798
304.63673409913736,230.97088156471895
307.00145175273155,229.12477473715455
309.36616940632575,227.27866790959015
312.1065440603167,226.0578703195844
314.08845656691454,223.80575513243454
316.6971443468627,222.3242869192253
317.8649863345556,219.56092934341623
320.5839211828143,220.82875949407696
321.9455063749568,218.15554312338446
323.30709156709923,215.48232675269196
325.21771946911423,213.16942791788708
328.18303880389254,213.62426991549717
330.6502090735523,211.9174978567538
333.15955660798846,210.273364361134
335.66890414242465,208.62923086551424
338.66222314447987,208.82933421864774
341.6555421465351,209.02943757178124
343.8976839300279,207.0362491153839
346.86731264041373,207.46204874249977
349.60334638294717,206.23155316765258
352.49121794628195,207.04407875720804
355.4566916366063,206.59024421467743
357.52043681618323,204.4128706055389
359.58418199576016,202.23549699640037
362.52520432119627,201.64356145828285
364.21438093055315,199.16431109125625
365.90355753991,196.68506072422966
366.897915299611,193.85464509296233
369.8425658262951,193.2810308709462
372.8037124348123,193.7622904296738
375.7425932333592,194.3647683561844
378.1690113552276,192.6005418690608
380.59542947709605,190.83631538193717
382.72630022828196,188.7245886378388
384.8571709794679,186.61286189374044
386.2251955826845,183.9429351747097
389.15656129530936,183.3048951611938
391.9298418413626,182.16081692397273
394.7887458599269,183.07002966730445
397.01603613689747,185.07980030648505
399.9095721760689,184.287683402224
401.41946329346996,186.88002381459142
402.2297554943838,189.7685228277708
405.1014559438567,188.90057321604368
404.95277701696625,185.90425971831039
407.9186599689263,186.35541192685264
409.7022612703192,183.94319999634783
412.5549467258676,183.01466044861564
415.407632181416,182.08612090088343
418.3178217006132,181.35756276157346
421.2280112198104,180.6290046222635
422.81884524782515,178.08553315686225
425.79044965320537,177.6737477055349
428.79043125003415,177.6842557352537
430.91249672365814,175.56368078358307
433.0345621972821,173.44310583191242
435.83447097795624,174.52037590942493
438.58087780889787,173.3132100057658
441.3272846398395,172.10604410210667
442.45889569933036,169.3276531270929
445.01636967901726,170.89587723200407
447.57384365870416,172.46410133691523
450.36962390813676,171.3761616341363
453.320121488392,171.91889916638186
456.25518549165986,172.53970452776423
459.1225352106273,171.65748823391255
461.8690021991992,170.45045920332345
464.81881258306845,169.903999049957
467.7686229669377,169.35753889659057
470.76862294271837,169.35715769313938
472.32249690587486,171.923375865202
475.2352936859686,172.64143917569447
478.11377827667735,171.79626081519763
481.0884329825486,171.4071215331432
484.0630876884199,171.01798225108877
486.9034417487783,170.0523794280783
489.2794901283776,168.22087892362748
491.65553850797687,166.38937841917664
494.34115540718244,167.7263383552635
497.026772306388,169.06329829135035
499.8615805554519,168.0815334564538
500.56136574802485,165.1642914911284
503.49433314796306,165.7949278609166
506.42730054790127,166.42556423070482
509.33205922071966,167.17548226134966
512.236817893538,167.92540029199446
515.2187511310948,167.5966539357339
518.2006843686515,167.26790757947333
520.445837589013,169.25770330192842
523.2989769059069,168.33055927946248
526.2796759233577,168.67031414310438
529.1502257935773,167.79856679290347
531.8040582935669,169.19755680787833
534.7887938800993,168.89530942825922
537.411430356372,170.35194181610592
540.0340668326447,171.8085742039526
542.6397506284889,173.29531962805018
545.6329309870816,173.49748624481597
548.3871435998449,172.30823737107437
551.1413562126081,171.11898849733277
554.1403836924854,171.0426067263357
557.1394111723628,170.9662249553386
559.3342937865294,173.0113387199074
562.2259522275749,173.81028268560877
565.208016425408,174.13783897085204
568.1900806232411,174.46539525609535
570.0232897446076,176.8401256233873
573.0232361629077,176.85805569111
576.0231825812077,176.87598575883268
578.8134036542913,177.978104792023
580.9871136577474,180.04570843413504
583.821476406672,181.02875869099316
586.6558391555966,182.0118089478513
589.6413992960436,181.71781805041758
592.4943533028901,182.64553214151374
595.3473073097366,183.57324623260988
597.8375759272552,185.24613660935373
600.3278445447737,186.9190269860976
602.9817452990341,188.31788751757895
605.48382732223,189.97305685912664
607.421013018164,187.68235574822876
610.2802177322624,188.59062245073278
612.8026366343253,190.2146307273483
615.0343665708491,192.2194702447221
618.0130006885234,191.862064602592
620.9432163161756,192.5053657571557
623.8734319438278,193.14866691171937
624.9937101890415,195.93164672718711
627.3871038509236,197.74042166599585
628.5314326493958,200.51359883325134
630.5742998704459,198.3166251153478
633.5370145266322,197.8451149181953
636.4997291828186,197.3736047210428
639.4716857777088,196.96436885007287
642.448036525828,197.34031595296128
645.4243872739472,197.71626305584968
648.4173880658243,197.9210709165946
651.4103888577014,198.12587877733952
652.4272974557025,200.94827083077777
653.4442060537036,203.77066288421602
653.3807089977973,206.76999082958832
655.0875110341021,209.23714036070027
656.7943130704069,211.70428989181224
659.7861659701456,211.92523383566493
662.3817590161489,213.42952660621847
665.036364026617,214.82705021546363
666.3048584723874,217.5456752063459
668.6019600102858,219.47526700892612
671.5577699162218,219.98828533215664
673.8028628248732,221.9781491042585
676.4057038725853,220.4864324822606
679.3956646116085,220.24120854562295
681.1698155668538,222.66037955818118
682.8432443134197,225.1502864299671
684.5166730599857,227.64019330175304
686.7955448034189,229.59128109500617
689.7525753865978,230.0972160020299
692.695214555543,230.68106077711067
695.5915166968887,229.8991183840686
697.5697548085533,232.15446181103434
699.5479929202179,234.40980523800008
699.8935693023979,237.3898349298118
701.6396562505847,239.82933905347534
703.3857431987716,242.26884317713888
706.1178330500386,241.02961557713812
707.8416192982563,243.48492838215003
709.9355602868154,245.63327917669739
712.9031183053226,246.0732785025995
715.4192127977386,247.70706811733982
717.9353072901547,249.3408577320801
719.049356633196,252.12633687601016
722.0423996268084,252.33052707750647
724.6000994003616,253.89838289624942
727.1577991739148,255.4662387149924
728.9187031886386,257.8950691024278
731.887116736117,257.460879039038
734.6715631187404,258.57750715183806
737.4638440051568,259.6743970512142
738.4327344667431,262.5136313271145
737.4024992532998,265.3311861899311
738.56423080812,268.09711818376877
740.2889905527803,270.551747243973
742.3100547631913,272.7687947079205
744.511606265048,274.80672772563037
746.7131577669049,276.84466074334017
749.0086106257382,278.7762135313514
751.2105783955487,280.8136967682679
752.9725289414595,283.24176807565675
754.7344794873702,285.6698393830456
756.2218652951219,288.2751576858445
757.7092511028736,290.88047598864335
758.1478473036326,293.8482417092958
760.2320982124919,296.0059947417161
762.4706738619982,298.0031875369759
764.9009039748224,299.7621592816956
765.716973541863,302.64903137130227
767.8240146285016,304.78453549427115
769.0717928090617,307.512730797419
770.3195709896218,310.24092610056687
772.0525808868772,312.6897373828046
774.232269213472,314.7510376517869
776.5507185588604,316.6549264701974
779.097760772255,318.2400371802695
781.4794104351228,320.06424793655896
783.8610600979904,321.8884586928484
785.9627996683306,324.0291807155469
788.0645392386707,326.1699027382454
789.5005331089385,328.8038962091092
788.277868573736,331.5434384034107
788.9781176770882,334.4605690472548
790.3655883923955,337.1204421671921
792.776870458601,338.9053003680571
792.5232745525312,341.89456267110523
794.3897339103991,344.2432494244693
795.5506035011741,347.0095432977253
796.7114730919491,349.77583717098133
796.9592094484071,352.7655907892062
797.2069458048652,355.7553444074311
797.406287472804,358.74871423079463
798.7131684107126,361.4490960952966
800.0200493486211,364.1494779597986
801.6885327067354,366.6427014322727
804.320825840222,368.08180978795656
806.0900713552303,370.5045706733151
807.8593168702386,372.9273315586736
807.8587508252025,375.92733150527243
807.8581847801665,378.9273314518713
810.7397197384653,378.0926121672599
811.5042808538519,380.9935510326686
812.2688419692385,383.8944898980773
812.0281032013693,386.88481510541595
811.7873644335001,389.8751403127546
813.2855161014946,392.47428278281757
815.2594368309904,394.73340583251337
815.996011064734,397.6415768037915
815.839122763005,400.63747167190365
817.4507265151209,403.16783396734
818.7085616709174,405.89140712054194
818.2675800567307,408.8588193291758
820.5057423655381,410.8564753254459
821.116711988479,413.79360251367655
821.7276816114198,416.7307297019072
824.5083170314327,417.8568143616773
825.5639496912067,420.6649524792952
826.6195823509807,423.4730905969131
829.1996098660995,425.00392632331557
831.7796373812182,426.5347620497181
831.682143222144,429.5331774460477
829.0105012426008,430.8978492502345
828.0731116101239,433.74763883491
829.0441910759563,436.58612516939155
827.9748680668752,439.3890786656611
828.0089038783976,442.3888855867035
826.8417661331558,445.1525406816153
825.6746283879139,447.91619577652705
827.8376588356093,449.99496928086626
827.4638177527777,452.9715852864651
827.089976669946,455.9482012920639
828.2717947649244,458.70561058166567
828.119824208896,461.701758934151
829.4713366725381,464.38008192823145
830.6441444026495,467.14133563410326
831.8169521327609,469.9025893399751
829.6023802106835,471.9263658103261
829.6980440969836,474.9248401592005
830.0177409045008,477.90775717971303
831.756369130564,480.35258271367985
829.9287857336709,482.73164532895515
831.7375802838022,485.1250241697188
833.5463748339336,487.5184030104825
833.8302582499425,490.5049411746644
834.1141416659516,493.4914793388463
833.7406052054002,496.4681335869307
833.4133872076987,493.4860322502924
834.9216244120508,493.8059027345225
