954.2030903060805,503.9416558090235
952.0927876988983,506.07393695983825
953.6843836053811,508.6169317436448
955.1428695529427,511.23853788125683
955.1358021262907,514.238529556492
953.4554733417223,516.723785111913
951.7751445571537,519.2090406673339
951.0142901412391,522.1109539254763
949.264210897973,524.5475955984125
951.1178678666337,526.906399499235
952.6446312412057,529.4888389657212
951.6972939246187,532.3353371667749
950.4525426515065,535.0649148388857
949.2077913783943,537.7944925109964
947.5890520736717,540.3202959600688
949.490005198103,542.6411529609879
949.5277872015147,545.6409150382565
949.5655692049264,548.640677115525
949.5202316233458,551.6403345132451
950.1901602479118,554.5645772593226
949.4266502868866,557.4657929595792
946.9194783246596,559.1132421247504
944.4123063624327,560.7606912899216
942.2243969262726,562.813263407817
943.9770390848988,565.2480622627136
943.4633751932098,568.2037600494257
942.9497113015208,571.1594578361378
944.4078893861235,573.7812352243965
942.516126073704,576.1095890569965
941.8700743035569,579.0391994594714
941.2240225334097,581.9688098619464
942.1951142708525,584.8072919981365
941.1197469653388,587.6079321317903
940.6545459480756,590.5716439959123
939.6711974491787,593.4059032871058
938.6112187612437,596.2124038093084
938.1661270913063,599.1792023203894
938.3267368299713,602.1748999873522
938.4873465686363,605.170597654315
940.5327398552394,607.3652197865098
939.6943958466111,610.2457022674836
938.8560518379829,613.1261847484574
936.7265106889658,615.2392523040842
935.7664787692313,618.081494150425
935.1044008114311,621.007524358368
934.4423228536308,623.9335545663109
933.9068191994266,626.8853736387363
935.1645600409765,629.6089903473605
932.667571544001,631.2718338294633
930.1705830470255,632.9346773115661
928.6570563027162,635.5248967606207
927.8919729555374,638.4256979382042
927.1268896083586,641.3264991157877
928.4309084349401,644.0282642610068
927.6861774787878,646.9343571368366
926.9414465226355,649.8404500126665
927.0566341794796,652.8382378309936
928.1520587607996,655.6310938936363
925.1880348542138,656.094302573594
922.9304413417551,658.069972468213
922.2153763878081,660.9835067672451
920.9754445582597,663.7152770830061
918.1726588249525,664.7850397357329
918.0730021387427,667.7833840363251
917.9733454525328,670.7817283369172
918.4183894757973,673.7485339957626
917.8626820127306,676.6966162903216
915.6068901772621,678.6743430649378
917.0962274969735,681.2785462728529
915.2393108661444,683.6347849335472
912.9443307998503,685.566899447574
910.6493507335562,687.4990139616008
907.7131423947731,688.1143842495254
906.7586424835932,690.958488663846
905.8041425724134,693.8025930781665
906.002707627712,696.7960145183941
907.3610599621462,699.4708750634576
904.8412747121507,701.0989666744872
905.2379570487816,704.0726248800995
905.4555182999749,707.0647256641606
906.5367035939853,709.8631249137345
907.6178888879957,712.6615241633084
904.6392832873033,713.0191673870995
901.8648727553243,714.1605026577557
899.5211564521582,716.0331996140925
897.177440148992,717.9058965704293
895.3654209383459,720.2968349594827
894.5172375108157,723.1744355004305
892.1381760418512,725.0020203895366
889.2321339643977,725.7469495432618
888.7854776483854,728.7135128976108
885.9859110254692,729.7916718487186
885.1111995448535,732.6613198803906
885.6761674916127,735.6076415225632
883.936580233503,738.0517847612917
881.9823241212003,740.3279400827774
880.0280680088978,742.6040954042631
877.428215589522,744.1010147065189
874.8283631701462,745.5979340087746
876.6892637973084,747.9510274739449
874.9336605310866,750.3836920976921
875.6482425457802,753.297344881446
872.7132252197308,753.918370883953
873.1035513579073,756.8928700864838
871.8978475501432,759.639919108242
870.692143742379,762.3869681300002
867.7298872635873,762.8613483086089
864.7676307847956,763.3357284872176
863.4788535297795,766.0447971808746
862.1900762747633,768.7538658745317
860.4318925989867,771.1846661876451
858.4792953172754,773.4622446946244
855.5209176307706,773.9602421484236
853.962195158014,776.5235182265945
851.1374282661574,777.5338112566956
850.8107797042925,780.5159750209834
850.5879997976315,783.5076917711434
850.3652198909705,786.4994085213034
847.953725668234,788.2839800703617
845.1870164057422,789.4438593127147
842.1896212344747,789.3188705641725
842.1201662398677,792.3180664570284
842.0507112452607,795.3172623498843
842.8531527906495,798.2079521579118
840.8384729926729,800.4308028752622
838.6882782210594,802.5228503040089
837.0498822397905,805.0359477172744
835.4114862585216,807.54904513054
832.4363220218255,807.9342694349198
830.1934153551964,809.9265971400905
828.8303485688901,812.5990583532924
828.4351183083187,815.5729099032405
825.4353295186239,815.6085078978722
822.4836182357484,816.1446053727267
821.0705189345224,818.7909519798201
819.8219876780396,821.5188027274941
818.5734564215567,824.246653475168
817.8790522620843,827.1651809914522
815.2160808015998,828.5466957400687
812.5531093411153,829.9282104886852
809.6709179982404,830.7606605250579
806.8819113266521,829.6554719502724
806.1650039114953,832.5685534386782
804.1323750436886,834.7750030496503
802.8268506722351,837.4760410196798
801.5213263007815,840.1770789897092
798.7042141431648,841.2085241367761
795.887101985548,842.239969283843
795.1202015370009,845.1402905939772
794.3533010884537,848.0406119041113
791.3709371858637,847.7157957214358
788.461721221584,846.9833597357141
785.5525052573042,846.2509237499922
783.6556108790054,848.5750992419846
783.9712148890418,851.5584520720818
782.1357599943858,853.9314470846521
779.711370561534,855.698460349423
777.7439135102131,857.9632148065791
774.8774743060617,858.848385009932
772.0110351019102,859.733555213285
769.1506882286888,860.6382185566632
768.3195496559717,863.520788360318
766.2906957843435,865.7307096185484
764.4546993011287,868.1032856265243
762.4662391898057,870.3496218403795
760.4777790784829,872.5959580542349
757.8454271228626,874.0349588123105
754.8461105346616,873.9709275407121
752.5729186336912,875.9286299137408
750.1448246680648,877.6905492348474
747.7519814938145,879.5000523554424
744.8950602781359,880.4154763923815
741.9171909570362,880.0517535494741
739.1491544801873,881.2084618371744
736.4917828360858,882.6007175411041
734.5428002457028,884.8813899994777
732.8746582805547,887.3748419007809
730.623587044531,889.357940055272
727.7383759070638,890.1798626138109
725.4223890907735,892.0867462145505
723.1064022744833,893.9936298152902
720.3725818684803,892.7582246235731
718.1568954904577,894.7807808957804
715.2407385566706,895.4850739722232
713.1272153520509,897.6141629002706
711.0136921474312,899.743251828318
709.0190919622976,901.9841378364551
706.4715810143689,903.5684951099839
703.498201541513,903.9672613452639
700.5248220686572,904.3660275805437
697.550053725762,903.9777579498625
696.5137650198469,906.7930919829735
695.4774763139318,909.6084260160844
693.4101016072516,911.782353756875
691.3427269005714,913.9562814976655
688.4730431398577,913.0816872411691
685.6006217866434,913.9472480822416
682.6091617657954,914.173449195564
680.1718823051474,915.9226401030134
677.2993976603813,916.7879908790476
674.7485633207067,918.3669918833339
671.9506845372256,919.4495233207277
669.1528057537445,920.5320547581217
666.8274546034937,922.4275077456758
664.2630350424587,923.9843482368568
661.3082891719895,923.4652366487127
658.3535433015203,922.9461250605686
655.5418820169617,923.9923376684618
652.7302207324032,925.038550276355
649.7551427963903,925.424440512885
649.5415492595343,928.4168271525111
648.4951278651845,931.2284107392904
645.6127362481756,930.3966544250995
642.917384242161,929.0794309954289
640.2220322361464,927.7622075657583
638.1092276478875,929.8920096156755
635.5051388567974,931.3815469828198
633.0292581311112,933.0756587359741
630.553377405425,934.7697704891284
627.5810886829637,934.362953883851
626.0763513409725,931.7676185429717
623.4072729185309,933.1372974742752
620.4861325626387,933.820626839353
617.8554211695675,932.3786290701571
615.2247097764965,930.9366313009612
614.3042349689792,933.7919292063864
614.4946033341791,936.7858830947306
611.5296380357123,937.2430272502082
609.6609327185389,939.5899274265191
606.8329618382497,940.5912169452083
604.2201685410876,942.0654323929311
601.3189540701475,941.3019177607151
598.4177395992074,940.538403128499
595.8141126331731,942.0287475926209
593.2442538941532,940.4809019732251
590.5368462098634,941.773164961571
587.7562851809681,942.8994332975321
585.1806027571348,944.4375685489182
582.6049203333015,945.9757038003041
579.703176786362,946.7372052039765
577.4690786336324,948.7394053548032
575.2664928953697,946.7025901777189
572.4912290450419,945.5633314006782
569.6967880367621,946.6547064284499
566.9023470284823,947.7460814562216
563.9776337187099,947.0782101694906
561.1483535400322,948.0757940860318
561.9971236084042,950.9532216474199
559.2463591951986,949.7560185973731
556.495594781993,948.5588155473263
553.6619556425374,949.5439496637517
551.216223798257,947.8065965776253
548.2894620090817,947.1477601567867
545.6471862581981,948.5684567663035
542.9392293973866,949.8595685507684
539.9451508828671,950.0479666635313
537.0785166131443,949.1634283864336
534.6466272095598,950.9201053427159
531.6767926483525,950.4957438469855
528.7195048433766,949.9913146264395
525.8468863394404,950.8562209397724
522.8629049349125,950.54661638969
520.111866267338,951.7431890993528
517.3608275997634,952.9397618090156
514.5196291369574,951.9766463979931
511.6784306741514,951.0135309869706
508.7918516264022,950.1964254851563
506.193204225708,951.6954357209003
503.6396762034796,953.2700768354704
501.6902887748455,950.9897503998293
498.6935469324095,950.8499708240914
495.6938949673445,950.8956664308989
493.0068867895997,952.2298279851092
490.4508560491124,953.8004033108048
487.56458915485814,952.9821958706457
484.7966301286852,951.825302258671
482.0037140201285,952.9205737366912
479.62825108348653,951.0883139743647
476.6579576949118,950.6671760090977
473.687664306337,950.2460380438307
470.729714458676,950.7465704590871
468.13024901656195,952.2441616634064
466.35790381747404,949.823667396677
463.4304137538575,949.1680745905643
461.33343710177905,951.3134624157926
458.75526596624235,949.7795023133501
456.00819110658097,948.5738573758099
453.5275354534166,946.886745189136
450.54075096326704,947.1680251375897
447.6064422696838,946.5436594668794
444.6721335761005,945.919293796169
441.67570925906676,945.7728652733705
438.8524259760332,946.7872968894704
439.2052372355589,949.7664786924412
437.34385337735995,947.4137674622992
434.57829443011974,946.2511481310736
431.77382605481495,945.1858044626196
428.96935767951015,944.1204607941655
425.97095725223807,944.0225073473937
423.28880818126044,945.3664107520525
420.74178633533177,943.7812673148954
418.19476448940316,942.1961238777383
415.3106167839207,943.0217702990109
412.8416934269452,944.7260054522045
410.1080098648328,945.9617134202279
407.2887386915846,944.9361842633085
404.46946751833644,943.9106551063892
401.4762767427029,943.7086427783929
398.8148373401534,942.324178872559
396.1533979376039,940.939714966725
394.17988473141986,938.6802359061853
391.41449769761726,939.8432640886798
388.6491106638147,941.0062922711744
386.11520495411025,939.4002655421542
383.2277481910846,938.5862671136193
380.3402914280589,937.7722686850844
377.39796413969117,938.3576831776679
374.79159331123714,936.8721425001421
372.1852224827831,935.3866018226163
369.30880873225635,934.5344023531371
366.7984390059464,932.8918300298507
363.7989914199668,932.94939893605
360.7995438339872,933.0069678422493
358.607687420181,930.9586110712603
355.935882518989,929.5942582686588
353.331215400295,928.1057324204471
350.72654828160097,926.6172065722354
347.779347618701,927.1775709649319
344.8321469558011,927.7379353576283
342.80922357424777,925.5225841456611
339.8120500691461,925.3923882151702
336.8148765640444,925.2621922846793
334.00721021596615,924.2053054989407
332.5367542772294,921.5903945382703
330.176749898844,919.7382662128022
328.13140361934546,917.5436002708097
325.7198866623491,915.7590594430003
322.7238210074547,915.6054671529514
319.76436163005405,915.1139387270031
316.8049022526534,914.6224103010549
313.8089883275271,914.4658863308957
311.69377676926234,912.3384747431245
309.7963209637993,910.0147575773931
306.9770292220744,908.989284966817
304.15773748034945,907.963812356241
301.24679210184013,907.2382801354987
298.519517925533,905.9884899262042
296.62426398180753,903.6629765444338
294.72901003808204,901.3374631626634
291.8001767756917,900.6878973683702
291.3130420216273,897.7277116087628
289.6320690346049,895.2428917326146
286.8595181415635,894.0970463916128
283.88842641713234,894.5125147598632
281.3036116896295,892.9897761662481
278.3763673329902,892.3330871405112
275.44912297635085,891.6763981147743
272.89509677187044,890.1025651672136
270.3180431277328,888.5667284196272
267.36534036102273,888.0361189856148
264.49960762997034,887.1486642463885
261.83100853242854,885.7780516619581
259.4880915545081,883.9043547722312
257.80080941582685,881.4238147131942
255.8697437242965,879.1279520659537
253.93867803276618,876.832089418713
251.0145571712659,876.1616289893522
248.0904363097656,875.4911685599911
247.50166526558075,878.4328260277343
246.12015074089595,875.769854451077
244.73863621621118,873.1068828744196
242.44393779703725,871.1744338673199
239.5573968375862,870.3571938233845
238.1435535038817,867.7112446500746
236.72971017017719,865.0652954767647
233.7610256545786,864.6329619864531
230.79234113898,864.2006284961415
228.2007046121698,862.689529520924
228.21945513699868,859.6895881185266
225.22594415787748,859.8867987112465
222.75582769921158,858.1842932984422
221.22606007633308,855.6036323327219
219.32715656051872,853.281098062226
216.88896574633455,851.5331777111721
214.45077493215038,849.7852573601184
212.1395387363712,847.8726185423276
209.47457416147145,846.4949524672102
206.82444656798543,845.0889568277275
204.58831176319575,843.0890315454212
202.86255548124328,840.6351030103368
201.1367991992908,838.1811744752524
199.26676918940856,835.8353296887971
196.5177480883007,834.634129045414
196.30833264817323,831.6414471088501
193.95196701049335,829.7846916102554
191.60014008042944,827.9221905791078
188.8895704337742,826.6365731435418
186.61111064441934,824.6850042904666
183.62560779803005,824.9795764449576
181.95372598494095,822.4886305998896
181.3813845205491,819.5437324270935
178.80945573155705,817.9993288838594
176.6427590517051,815.9243769573035
174.47606237185315,813.8494250307475
173.01821881490665,811.2274616131024
171.56037525796015,808.6054981954572
169.65755820681008,806.2861691394903
169.17199459909293,803.3257252567489
167.17493697833345,801.0870290157715
165.17787935757397,798.848332774794
163.072010156531,796.7116730199199
160.96614095548802,794.5750132650458
158.03656575988776,795.2212246649171
155.59127505475723,793.4832507389326
153.27917137579823,791.571660673635
150.33008609963292,791.0213007605736
149.1537759347294,788.2615372931829
149.9270760562817,785.3629157376832
148.89831833435576,782.5448210711438
149.7750815071676,779.675799227588
148.2987090069041,777.0642241778401
145.63135789780245,775.691184462182
142.96400678870077,774.318144746524
139.99386775326812,773.8959195575558
137.02372871783547,773.4736943685876
135.72984861931445,770.7670591344545
135.91056632947647,767.7725072298728
136.09128403963848,764.777955325291
133.11023908850873,764.4412492229646
130.76844114867765,762.5661539163194
129.56487273054216,759.8181686429115
128.01083363243825,757.2520504691781
125.3723533847055,755.8243173070207
122.73387313697276,754.3965841448633
122.6790072858392,751.3970858970926
122.62414143470566,748.3975876493218
119.6293437977608,748.5741863858674
119.76990888326769,745.5774812858056
117.64225750241316,743.4625109310375
115.52710570218339,741.3350399295936
116.38990046430304,738.4617865125663
115.12009987016913,735.743771344997
113.85029927603523,733.0257561774275
113.0043980555773,730.1474839308831
110.54474933190636,728.4298902198607
108.94268708196607,725.8934761079073
107.3406248320258,723.3570619959539
104.341894464573,723.2697912487564
103.38982427063316,720.4248725599691
101.02502978628195,718.578864150784
99.27978488656292,716.1387575465545
99.20913337615326,713.1395896012609
99.1384818657436,710.1404216559673
97.73097478824883,707.4910964915524
96.56530843442917,704.7268204648914
94.4952899396547,702.5554099944156
92.73105117899973,700.1290007965674
90.96681241834479,697.7025915987192
91.71314545220922,694.7969097505874
89.69737859123076,692.5750447767015
88.74065595969387,689.7316872883956
89.21772726823072,686.7698630251127
89.78749768856957,683.8244663339849
87.16986808937045,682.3588554438109
84.5522384901713,680.8932445536369
85.68308310181162,678.1145415352623
84.4914648795887,675.3613531994476
83.8916532020671,672.4219270732269
83.29184152454549,669.4825009470062
80.296723736195,669.3114178271302
78.03596813976064,667.3393670840734
77.74554771282183,664.3534575114948
78.05325624523716,661.369279993471
76.05503191536644,659.1316250764847
75.35656640475703,656.2140668627571
76.30555146019132,653.3681175721755
74.70590967581384,650.830176248647
72.48879492161639,648.8091858561118
70.27168016741895,646.7881954635765
71.03652021744962,643.8873301275312
69.45930240050721,641.3353928324709
67.88208458356479,638.7834555374106
68.20525523959724,635.8009128760092
65.91684781812667,633.8610181692382
65.40746030828053,630.9045803862275
64.89807279843438,627.9481426032169
65.18100988983423,624.9615146380511
66.86894914443384,622.4814216815711
68.55688839903345,620.0013287250911
67.43810905756862,617.2177460004157
67.75098149346951,614.2341054659589
68.0638539293704,611.2504649315022
65.11021644163877,611.7758463082813
62.15657895390714,612.3012276850604
62.35865445276071,609.3080411735375
62.9953689397811,606.3763872611497
60.78022503445357,604.3532368765539
58.67115768365039,602.2197339096527
56.56209033284723,600.0862309427515
58.93437917187216,598.249863423915
59.02664044970043,595.2512824500853
57.104656989100484,592.9478112483595
55.18267352850052,590.6443400466336
55.38527691810457,587.6511892207444
55.58788030770862,584.6580383948552
53.579308489051904,582.4296669605342
54.1752031982234,579.4894442656382
53.945943397522534,576.4982171021178
53.15665561798981,573.6039080652179
52.16249310111305,570.7734238504522
52.56492777250055,567.8005386634218
52.51038955620104,564.8010344405604
52.47093355141584,561.8012939145005
50.47495758426412,559.561633239632
51.732035203161026,556.8377103589196
52.98911282205793,554.1137874782072
51.72297651601258,551.3940634380675
50.45684020996723,548.6743393979278
51.69436309183488,545.9414769577647
52.93188597370255,543.2086145176016
53.07131688720738,540.2118564325439
51.782423519942135,537.5028429796758
52.49510759248796,534.588725375196
53.32379816581423,531.705450859358
52.286412029590885,528.8905210193138
53.36546617361451,526.0912993142206
52.28954151942348,523.2908732504753
51.21720834069636,520.4890699822566
49.99561908489487,517.7490481410827
49.71895296378653,514.7618327391689
49.442286842678186,511.7746173372551
48.0661273549052,509.1088744643935
46.68996786713222,506.44313159153194
47.92525149989238,503.7092562566575
50.17949986141551,501.72977038285836
49.599570228249206,498.78635712261513
49.0196405950829,495.8429438623719
48.89426129873341,492.845565002093
48.105433553715095,489.9511305515156
47.16055527461446,487.10381514262883
49.191956499916245,484.8962352319931
50.33638061711352,482.12309739914434
49.509535535230555,479.2392931043688
48.98772470727662,476.28502272746863
47.90213276224613,473.48833001483735
46.81654081721565,470.69163730220606
46.589547434180865,467.7002372948419
47.210875741450195,464.7652839503088
47.832204048719525,461.8303306057757
48.74535081211084,458.97268069920773
50.64473628604759,456.65054056101667
51.88076397454902,453.91700154478553
51.179285151818625,451.0001663658183
52.644054473269435,448.38206574992586
52.422092663807526,445.39028819216185
52.3122873116973,442.39229840154417
52.710258945965606,439.41881247113895
51.41069923063547,436.71489964963547
53.195072794762005,434.3032589252227
53.227154197947215,431.3034304661988
53.259235601132424,428.3036020071749
54.72921900040685,425.6884253772209
55.871200626094144,422.9142808304114
57.10531819975094,420.1798789187694
58.33943577340774,417.4454770071274
57.85815686800095,414.48433354298885
56.90498391445777,411.6397841374355
56.601937868836764,408.65512953526905
55.93476804432439,405.7302561319813
57.924696328288036,403.4852204029379
59.97069944612926,401.2911667933413
59.7460427154336,398.299590393957
59.23664990546431,395.3431535241504
58.72725709549502,392.38671665434384
61.3191439473919,390.8760470852573
59.12838771592026,388.8265136909775
59.8384755811982,385.9117623767853
60.548563446476145,382.9970110625931
61.53365361700957,380.16335664542817
62.773291429159435,377.4314528962656
64.01292924130931,374.6995491471031
65.69532307525405,372.2156910618847
67.3777169091988,369.7318329766663
69.14634037338844,367.3086179548579
70.77683719679817,364.79038839644767
72.4073340202079,362.27215883803746
71.94569061455717,359.30789073848587
72.07341967759056,356.3106110907959
72.20114874062398,353.3133314431059
71.6729449846689,350.3601973804201
71.14474122871383,347.40706331773436
72.03203381918796,344.54128037778764
74.37362227989108,342.6659234835667
76.4455452187861,340.49633012644176
78.5174681576811,338.3267367693168
78.9520455331389,335.3583798998114
81.06687445584018,333.230587939185
81.23292991414098,330.23518720059116
81.04106312830798,327.2413289647199
82.89244011281514,324.8807351281531
84.96814936091317,322.71476395628576
85.22631903471603,319.72589319636177
86.77118766793131,317.15424374394655
86.36894273433286,314.18133287858336
85.25643519974635,311.39523758489935
87.38540809946646,309.28159750384077
90.14686382402513,308.10926551958795
92.41611912213057,306.1470014211495
92.84998642177501,303.1785406809174
94.42901255657648,300.6277218975434
95.82632931684103,297.9730080011915
96.19251766704289,294.99544085800625
98.49088809876527,293.0673606318268
99.60283682089323,290.2810422653514
100.46732509075514,287.40829792739316
98.35625283740532,285.2767787646511
101.0648445638485,283.9869993806309
102.65727522312453,281.44452723812907
104.24970588240058,278.9020550956273
106.35836673942919,276.76815036719273
108.4670275964578,274.63424563875816
109.52216107944653,271.8259199217025
110.11975997259223,268.88604312787066
113.03922056048278,268.19557236400453
112.97018921273363,265.1963666903256
113.63293804971707,262.27048836423666
114.75354388476673,259.48764044125335
115.87414971981637,256.70479251827
117.5291149345791,254.2025754737422
120.29059738954514,253.03030645559207
123.05207984451118,251.8580374374419
125.68126912287934,250.41326626576318
127.12742314317987,247.78483735297732
129.12340954049,245.54518597346467
128.40953984059732,242.6313585846897
129.21823100283018,239.74241092089818
130.02692216506304,236.85346325710665
131.13780235968096,234.0667187059851
134.07585490327247,233.46021458308448
137.01390744686398,232.85371046018383
138.1825363980284,230.09068560063218
140.36403606808184,228.03130239453463
140.304271368754,225.03189775682497
140.24450666942616,222.03249311911532
141.17772858439102,219.18133601060143
144.03552066014447,218.26863427851106
143.7572432982252,215.2815685427357
143.47896593630594,212.29450280696034
146.27198269872216,211.19948802858428
149.27130938833997,211.13593168392674
152.0465038735928,209.99650394641006
154.82169835884562,208.85707620889337
156.96799495078213,206.7610297066798
157.37729673527133,203.78908218876938
160.36680671883494,203.53842294163593
162.9755911148097,202.05712487057843
165.57871355709835,200.56589935092916
168.10520063856217,198.9482272496687
169.89627956155627,196.54156227680556
171.4579110769015,193.98005744364977
174.22031246032833,192.80995548363023
176.98271384375516,191.63985352361073
176.31875795205178,188.71424887262447
176.5417479342751,185.72254777327848
176.7647379164984,182.7308466739325
179.56960770466426,183.79513304114502
179.28219963306398,180.80893200967057
181.0910356748393,178.41558452675577
183.00905205233434,176.10880903363537
185.40087045398568,174.29795157554486
186.39050013708328,171.4658793500654
189.0572825172709,170.0917353486154
191.7240648974585,168.71759134716544
194.72265651455672,168.62567663741606
197.0953135849581,166.78978491232047
199.46797065535947,164.95389318722488
201.02106487941725,162.38720303623307
201.18822206409672,159.39186357707155
203.45872603131488,157.43104442813237
205.31616731777453,155.0752193354408
207.93922119631657,153.61933872554673
210.5622750748586,152.16345811565267
213.51041736187724,151.60806901286756
215.60482519109289,149.46017333455347
218.3059865966145,148.15490437325835
220.87882696255633,146.6120199150502
222.43121203592628,144.0449007935488
223.5783603687124,141.27288876208394
224.80252016597646,138.53401439644347
226.0266799632405,135.795140030803
229.0263947298776,135.75377194141922
231.86523313084314,136.72382169952627
234.813391293193,136.16851687353437
237.44292876716415,134.72437952792575
240.07246624113526,133.28024218231712
242.23270150587544,131.1985641089895
241.7380220956872,128.23962979387943
243.854587923909,126.11356556747333
245.9711537521308,123.98750134106722
248.48316179037099,122.34743560585515
249.71142672552511,119.61039975496266
252.60573500440202,118.82110919577381
255.4710864234321,117.93242407411246
257.8196543652102,116.06581521769606
260.54053038753733,114.80215637484112
262.9836716014318,113.06116211609977
265.42681281532623,111.32016785735841
268.2259168260952,110.24080844692226
271.05686130033257,111.23365958570633
272.6022380082443,108.66231541764093
275.05123526099993,106.92956833396269
277.5002325137555,105.19682125028444
280.42626633363227,104.5347592555004
283.2397837656475,105.57596992570434
285.115151264208,103.23438995795976
287.77911198142374,101.85478374706791
289.0555436005004,99.13987632289646
289.30578827150765,96.15033160762081
291.90493028948885,94.65217915531011
294.9028941535639,94.76269010363625
297.78174530603025,93.9187611718279
300.66059645849657,93.07483224001956
303.41387897558894,91.88343164363161
306.1671614926813,90.69203104724365
308.81522947079384,89.2821601370909
311.63924141671316,88.2697587693987
314.53691605920267,87.49291794511522
317.4345907016922,86.71607712083174
320.10944623347865,85.35771491432295
320.62101284875484,82.40165341324845
322.01871993202553,79.74714500124918
324.99550787730624,80.11961450178784
327.66608840878683,78.75286667395825
330.33666894026743,77.38611884612867
333.30902642668974,77.79243273083992
336.2903693675889,77.45837544720324
339.271712308488,77.12431816356656
341.7436245425612,78.82421519193016
342.307304431294,75.87764685180328
344.93754396373595,74.43478857671877
347.71240332102275,73.29454494166617
350.48726267830955,72.15430130661358
353.4757661231365,72.41668873058323
356.2414811226788,71.2544406756024
359.0071961222211,70.09219262062156
361.73295843130813,71.34527674962507
364.45872074039517,72.59836087862858
367.29547765440543,71.6222409009543
368.8726180155543,69.0702557361786
368.20987418932737,66.14437627509376
367.54713036310045,63.21849681400892
370.5471182170676,63.227033561038986
373.54057352619094,63.02897974945945
376.23754781839943,61.71508109767291
378.8404778426139,63.20664245713587
381.4869505199651,61.79377927620372
384.3926373560016,62.54009289049996
387.3854531333801,62.33259898053096
388.96986356686307,59.785121094803536
391.4777936047671,61.43141600306836
393.98572364267113,63.07771091133317
396.9747776317978,62.821671363438455
395.74819418415035,60.08388155303349
398.73487661902,60.366243082355695
401.4214758515356,59.03125822706841
404.1080750840512,57.69627337178114
407.1065556397146,57.79174251500887
409.9190589461111,56.74779560471649
412.91600092326826,56.6123748324795
415.85471725975646,56.009095217659606
418.79343359624465,55.405815602839716
421.793398922755,55.420239185466144
421.53394109642466,52.43147997195363
424.42196042307904,51.619479744816566
427.1996216118518,52.752880962561484
429.8683248604843,51.38247118051141
432.49330217060697,52.83488094409089
435.22498046363285,51.59474639356373
437.9566587566587,50.35461184303657
440.2611774397683,52.275339215465834
443.16534991401625,51.5231542383355
446.0827258976084,52.22238050383181
448.9682480327875,51.401550431654066
451.69375585879,50.14791288818334
454.68275034931776,49.89117968893856
457.67174483984553,49.63444648969377
460.10879652329896,51.383954732651446
462.9963497088687,50.57029841668881
465.88390289443845,49.756642100726175
468.5650414487004,51.10256039425302
471.56036407286786,51.27001897764176
474.0257535465911,49.5606756116516
476.4911430203143,47.85133224566144
479.48814800654725,47.985351320777866
482.48633289987794,48.089693763742375
485.47333462707724,47.8107301788275
488.47267003643464,47.87387368344122
491.47200544579204,47.93701718805494
494.4706737707445,48.02639434915696
497.46082429765266,47.78349555041394
500.45097482456083,47.54059675167092
503.32950896009714,48.38560635549339
505.3326821301659,50.61883210555018
508.20727248089344,49.760502148305164
510.9853709293965,48.62817312791175
513.8313443479157,47.679260433781245
516.7068732940904,48.53444069531157
518.6041985526882,46.21061693626983
521.3294415385518,47.464830103160196
522.1699845557871,50.34467166758297
524.7446955158687,51.88443251655793
527.741828366906,52.01556097736202
530.633300559845,51.21594322026782
533.5532455853338,50.52752398163255
536.0210258838376,48.8216340677412
538.944562664216,49.49463681199607
541.9443921119301,49.52662563234225
544.6567569344364,50.808451310673895
547.565385605717,51.543216070719204
550.3962468774525,52.536304415322945
553.3933370159288,52.404203310675925
555.283282247599,54.734033137355695
558.2715206141825,54.99942240706807
561.0611112232277,53.8957085700948
564.0574314680484,54.04425146113059
566.3524271512338,55.97634742514499
569.3406872121694,55.71120254358604
572.242204810762,56.473564416358535
575.1791798956016,57.08526479320286
578.1732910164583,57.27314399897719
581.167402137315,57.46102320475151
583.7074236603145,59.057359843026624
586.4900034962043,57.93608848563826
589.2725833320941,56.814817128249885
592.1355752318808,55.91855969773358
595.0039443446439,56.79745595608667
597.6457281199034,58.21906718450867
600.241215200972,56.71459159081945
603.1161681309266,57.57170631508093
605.9911210608811,58.428821039342424
608.9911139641201,58.4222956645833
610.8732056212234,60.75847438083393
612.7552972783266,63.09465309708458
615.2217911728678,64.80240245462822
617.1102245790554,67.133457853025
620.1066254599423,66.98655053183205
622.9226216379674,65.95206248195025
625.9200529569497,65.82794363574357
628.917484275932,65.70382478953688
631.7453843350454,66.70531430803749
633.8339329080666,68.85890778363381
635.9224814810877,71.01250125923012
638.7956893458838,71.87544770349773
641.7123136423946,71.17309258462751
644.6289379389053,70.4707374657573
646.1806767988422,73.0382472535793
648.7661900613186,74.55979947731625
651.2231960283596,76.28117151087712
653.7729469641166,77.86192138533734
656.6682933720226,77.07644752948627
659.6385615016892,76.6551314511234
662.3659657479485,77.90463778463536
664.8323838300098,79.61249663257371
667.7499094853281,80.31109812882147
670.746355795382,80.16512035323721
672.0460863400361,82.86895106378347
673.3458168846903,85.57278177432973
676.267691234049,86.25296578366779
679.2334890439713,86.70467736273152
682.1992868538936,87.15638894179523
685.198636568601,87.21884924025875
688.104568758915,87.96420694317541
690.2876176901158,90.0219477830245
692.576869441347,91.96084603189813
695.5765942922436,91.92021576100555
698.5763191431403,91.87958549011297
699.4629780861688,94.74556454075996
702.3804246288324,94.04663273385702
705.3725832096891,93.82986782201485
707.4566839744689,95.98776587388018
709.5407847392487,98.14566392574551
711.8070954428459,100.11132813785315
714.0116902957132,102.14596853229914
716.7970987954079,103.26019449224997
719.5825072951027,104.37442045220082
721.8955055817181,106.28492795705756
724.2085038683335,108.1954354619143
726.4837538577978,110.15074553590334
726.5254828137985,113.15045530423612
729.0662942191635,111.5553761831996
731.5118434393835,113.29298632689742
733.875581826204,115.14034683277364
736.780684801205,115.8889299641894
739.336387055863,117.46003975842272
741.8920893105211,119.03114955265605
743.7844225292088,121.3590402265175
745.6767557478964,123.68693090037893
748.6671703811799,123.92655627684032
751.6575850144633,124.16618165330169
753.4621385896453,126.56275971259743
754.8915766180589,129.20031671158813
756.0420381388844,131.9709553183176
759.0373789978426,132.1380874177362
761.2069930848204,134.20998864935595
763.3766071717982,136.2818898809757
765.546221258776,138.3537911125955
768.2465168426335,139.66085031546265
771.0981866818985,138.72919634116425
773.8311509244224,139.96649438492148
776.5641151669464,141.2037924286787
779.2827721896089,142.47221822198622
782.2501055217614,142.91373027832935
785.1951530138252,143.48530290668765
786.0214515902411,146.36926383960838
786.8477501666571,149.2532247725291
783.8724399717204,149.6373201303583
785.7436151267527,151.98225158760596
787.6147902817851,154.32718304485363
790.5631363016545,154.88148959101778
792.5069473530068,157.1665713393674
795.5069426140323,157.16123900169904
796.8169588299543,159.86010126458342
799.563603477933,161.06672596917448
802.3506231610481,162.17691572139202
803.3863523077521,164.99245565800592
804.4220814544561,167.80799559461983
805.9675824020721,170.3792650905922
806.7070555408776,173.28670029657448
807.4465286796832,176.19413550255672
810.230125109191,175.07539026005017
813.1675340868345,175.68500366054235
815.9570301992908,174.58105101726863
817.0946954480718,177.35696848393007
819.7962393446815,178.66144561086287
822.4977832412911,179.96592273779564
822.608236711155,182.96388872009013
825.2362183416907,184.41085539198232
825.9217439018377,187.33148113082413
824.8384758127443,190.12907478379663
826.6603220018832,192.51253371214423
827.7476520674215,195.30855111705722
830.629941899509,196.14066007857892
833.6145098865459,195.83676218329953
834.4479565115233,198.71866549939355
836.5942749107822,200.81468967124903
838.4972034424922,203.13392726218365
841.3596806382301,204.0318272030905
842.8436263977999,206.639106432988
844.3275721573697,209.2463856628855
846.9596792311129,210.68583429078134
849.5917863048561,212.1252829186772
852.1651013797764,210.5831903387106
854.7384164546967,209.04109775874406
852.8911508793835,211.4049103347033
854.6397502684381,213.84261420855634
856.3883496574925,216.28031808240942
858.8892295885709,217.93730316693177
859.128668848648,220.92773270810704
860.7594555646425,223.44577454392626
861.0672301106333,226.42994525433144
862.5902720029679,229.01458128174298
864.1133138953027,231.59921730915448
864.1781823844665,234.5985159070126
866.2664731638552,236.75235936017262
868.0996298667773,239.12713019175442
869.457347232063,241.80231309316542
872.4175096345296,241.31503642532363
873.736949802034,244.00930397780903
874.7112884430392,246.84667321931502
876.9453383882361,248.84892715984438
878.4300623164827,251.45576333745353
879.9147862447293,254.0625995150627
881.4117656154523,256.6624173478405
882.7194909047563,259.3623904158015
884.0272161940603,262.06236348376245
886.2467376230052,264.08071048724196
886.0535314121267,267.0744825827893
888.5213969305097,268.780249209024
891.1461120020963,270.2331328220455
891.0238813945288,273.23064173422136
892.7943739408789,275.6524914701295
894.5648664872292,278.0743412060377
894.7403341151902,281.0692053284208
896.3793915444028,283.5818713913395
895.4705390720131,286.44088996130915
898.4462515510212,286.82185615702133
898.4943202109844,289.82147103295614
899.4405549810593,292.6683359331404
902.4399543350855,292.7283652182196
905.4393536891117,292.78839450329883
904.6160789165959,295.6732200870975
906.8594271951048,297.66505052699733
906.580409734739,300.652047222143
906.3013922743733,303.63904391728863
905.4079379828405,306.5029118313066
906.4714334626899,309.30808158808424
907.5349289425393,312.11325134486185
907.255975436607,315.1002540133454
908.5015254902964,317.82946728162517
910.8402053432478,319.7084501302428
912.5469385716211,322.17564726204364
915.2477060133085,323.4817311896384
917.5674826537748,325.3840025526008
919.8121906270868,327.3743005490199
922.0568986003988,329.3645985454389
920.9901234548496,332.1685227221667
921.5305274330368,335.11944860065967
922.0709314112239,338.07037447915263
924.946007987458,337.2136746012548
922.75757622924,339.2656898155315
925.2681119260154,340.90800845550865
925.6746432701984,343.88033620765793
925.7474027559516,346.87945375407605
925.8201622417047,349.8785713004942
926.5208650329585,352.79559300050414
927.9811443869585,355.4162006033858
927.3815688233734,358.35567490052665
929.8686946270055,360.0332342100317
928.775815618612,362.8270873688453
927.6829366102185,365.6209405276589
927.5995480285985,368.6197813611236
927.5161594469786,371.61862219458834
930.4483872399102,370.9845558176534
932.7463309088846,372.9131446525843
934.117336534005,375.5815418448869
935.6938182034186,378.1339339671916
936.2198108831432,381.087462653505
935.4277699006367,383.98101947548554
937.0053292154153,386.5327456771685
939.1060519732932,388.67446552218416
940.2195590022741,391.4601615027984
941.0926632411441,394.3302989538741
940.5879379902076,397.28753624923394
942.1649358711593,399.8396094620305
943.741933752111,402.39168267482717
944.4182777918128,405.3144482726745
943.464193703109,408.1586922058986
944.500991077268,410.97383895250647
943.4891985054293,413.7980690761989
942.4774059335904,416.6222991998913
943.1771032687464,419.5395622389702
945.1685972541611,421.783209204528
948.168590045008,421.7897860477368
948.5802511503836,424.761407681512
947.9621184563514,427.69703571867353
947.0005266449705,430.53875019910345
946.0389348335896,433.3804646795334
948.9765881400267,432.77202976010574
947.9791003793014,435.60134384079794
946.981612618576,438.43065792149014
947.9627526935064,441.2656824634237
949.9323794777528,443.5285501861993
950.0014645921406,446.5277546218739
950.6965616659821,449.44611718638447
949.278033738802,452.0895578457922
948.8942182469397,455.06490415642673
948.5104027550773,458.04025046706124
950.6494934887751,460.1436502942478
950.4887820113569,463.13934250491064
950.3558098384616,466.1363941229572
949.8488951324437,469.09325689975674
950.519654838492,472.0173091251354
951.1904145445402,474.9413613505141
952.0987371219621,477.8005483145557
951.2882337594906,480.68898808360444
953.5405858090335,482.6706314029028
951.9860657000246,485.2364582151969
950.9404469320152,488.048340394803
953.2466421647266,489.9670544299367
952.4668270400819,492.86393005228837
952.587807733981,495.8614896716627
953.0917541104592,498.81885979554545
953.5957004869374,501.7762299194282
952.4264444185192,504.5389894541085
954.2030903060805,503.9416558090235
