865.5740093088169,497.61615098190373
865.210302829151,500.59402230159657
863.0633186455974,502.68936449693615
861.5871191060694,505.3010373170836
861.9218892110831,508.2823003005839
862.2566593160968,511.2635632840842
859.2778947921436,510.90724613485133
857.8063464899873,513.52154252096
855.4664795229639,515.3990468689265
853.7214925379868,517.8393379217028
851.9765055530097,520.2796289744792
854.8833676004595,521.0213519936017
856.9161665117286,523.2276449447627
858.9489654229978,525.4339378959238
859.4034964687478,528.3993049100469
859.4606698019854,531.3987600622314
858.2313666662088,534.1353297763753
858.3700435581563,537.132122848918
858.4107647165423,540.1318464673968
859.7220316032037,542.8301013019047
859.5152250682347,545.8229646561349
859.7936887848607,548.8100130250976
860.0721525014867,551.7970613940604
859.2773530410967,554.6898617359028
857.6534633150036,557.2123569603758
855.2026753891441,558.9425703987878
852.8238813900572,560.7705034144938
852.5798393891173,563.7605608557108
852.3357973881774,566.7506182969278
851.785198308974,569.6996589297405
852.0654034248239,572.6865444469727
852.3456085406737,575.6734299642048
853.8967968434318,578.2412724144705
855.44798514619,580.8091148647361
854.2526306973634,583.5606830978843
854.3573840287324,586.5588536633403
854.9801379910533,589.4935048355264
854.5506651824442,592.4626045486829
854.1211923738349,595.4317042618393
851.5085028487748,596.9061036126399
848.9361907118625,598.4498685786543
846.7509496783437,600.5052813414408
844.5657086448248,602.5606941042272
842.3804676113059,604.6161068670136
844.0426052282992,607.1135652835194
842.0883094677184,609.3896865632794
841.8285928842473,612.3784233024837
841.5688763007762,615.3671600416881
841.3799466601992,618.3612050632119
840.5743038684453,621.251004310927
838.6361586414077,623.5408936267917
837.6686340730965,626.3805936478703
837.1784386566517,629.3402741126665
836.8866768874309,632.3260529172703
836.5949151182102,635.3118317218741
834.0566086563463,636.9108940426296
834.3160787913214,639.8996521875881
833.8287273653003,642.8598022830317
833.1720517583045,645.787049649958
831.8571897927311,648.483554426792
830.5649550075951,651.1909755724738
829.4102889036968,653.9598645533664
827.1343890244607,655.9144181442646
825.2549275424908,658.2527133646745
823.1333985856816,660.3738250744673
821.6479150446696,662.9802284679163
819.0731435546809,664.5198880972957
816.498372064692,666.0595477266752
814.2851302956147,668.0847787929024
815.7322563268241,670.7126726739021
818.4245507324629,672.0361343595455
817.1293988926657,674.7421612832603
814.8850379650561,676.7328506177923
814.0899851592371,679.6255813408219
814.4063525986911,682.608853310196
814.7227200381452,685.59212527957
811.7790867890661,686.1709372481021
809.4986033132545,688.1201409615579
807.9640697640663,690.6979708214237
806.4295362148779,693.2758006812895
804.6452897920789,690.8640658901633
803.0551825885188,693.4079918091292
801.9317387486279,696.1896952330425
800.808294908737,698.9713986569558
799.6886121525199,701.7546181102921
796.7045313967265,702.0632636074292
794.1866890529168,703.6943583109088
792.6987723382748,706.2993734452773
791.7565880637509,709.1475814420429
790.0612738153819,711.6226389361785
788.365959567013,714.0976964303143
786.4843476701965,716.4342615738013
785.0776137428414,719.0839973450865
784.5241433405405,722.032500442215
783.6824534420706,724.9120070171014
781.4451461750983,726.910620584841
779.2078389081261,728.9092341525807
777.8181583341371,731.5679533747397
777.1668486821476,734.4963993341565
776.9468857169896,737.488324516035
776.1837091500685,740.389627934794
775.4205325831472,743.290931353553
773.4431500155192,745.5470249201502
770.8721466302228,747.0929685131684
768.0340196882754,746.1208391692064
766.2083724868069,748.5013879075796
763.2273278639292,748.164678899069
760.504106029506,749.4232744816615
758.1471991538102,751.2793429015474
756.7412469193646,753.9294935226361
756.793528222838,756.9290379322601
754.1979015816827,758.433272734319
753.2417975222635,761.2768382826337
751.9009754387463,763.9605290510257
750.5601533552292,766.6442198194178
748.0526710956428,768.2911966613497
746.3442907909041,770.7572535816945
743.7692766772167,772.2965073990719
740.8912193641596,773.1431396112862
738.5264548435164,774.9891864042758
735.5910988968387,774.3697629091578
735.8992821872698,777.3538914351263
734.354808741402,779.9257782473732
732.6697015049161,782.4077962975781
730.9845942684302,784.8898143477829
728.0077298612966,785.2616722528238
725.3127610150146,783.9436650762237
722.6792331394713,785.3805126425077
720.045705263928,786.8173602087917
718.1855402217043,789.1710352109296
715.7702622007007,790.9504823389042
712.949181146074,791.9710222368142
710.6429238580944,793.8896616822652
707.8660775982892,795.0250580224944
705.0892313384838,796.1604543627234
703.029453307119,798.3415812415424
700.969675275754,800.5227081203612
699.3132093840586,803.0239319707292
696.851713187055,804.7388770054567
694.3902169900514,806.4538220401844
692.3868381044288,808.6868632490834
689.3940676492317,808.8950098380527
686.6846332195441,810.1830180178496
683.9751987898566,811.4710261976466
682.0026320053717,813.731331548865
680.0300652208869,815.9916369000836
677.6807452662446,817.8572991821484
675.0242459386984,816.4633797717279
672.3677466111523,815.0694603613074
669.5560169292237,816.1154891351763
669.4420199500672,819.1133224675588
666.7146350080964,820.3628709373313
663.9872500661255,821.6124194071039
661.9447348834855,823.8097204171353
658.9450134923122,823.8506053206758
655.945292101139,823.8914902242162
652.948533716605,824.0309147009949
650.2119135158557,822.8017239603647
647.9943696696278,824.8222435197989
646.1034580004471,827.1512890451926
643.1425105994034,827.633772711499
640.1815631983598,828.1162563778055
638.4432001206742,830.5612704493682
636.7048370429885,833.0062845209308
633.7261932828053,832.6489592490541
631.0671385822839,834.0379978013035
628.6500960171196,835.815047389296
626.7922460806142,838.1705502259375
624.0915049103236,839.47668847708
621.390763740033,840.7828267282225
618.8269206614459,842.3406164022098
616.0144339898975,841.2966246769731
613.9520989789121,843.4753339972965
611.0569938026501,844.2616965208066
608.6736928625912,846.0837493820361
606.2527710728497,847.8555105645759
603.59251123336,849.2422396608303
600.852782537156,850.4644862280974
597.9377593026034,849.7555154656409
595.1651576135569,850.9012378900949
592.5959600493817,852.4501807154556
589.7404967037354,853.3701421720777
586.9141420706306,854.3759848476128
584.0875750941211,853.3707390431917
581.2610081176116,852.3654932387708
578.4009922147037,853.2712023726068
576.9434887561346,855.8933548602129
574.2974956233649,854.4795937978918
571.4869944563502,855.5289189096703
568.6764932893356,856.5782440214489
565.7199704799898,857.087137799971
562.7204463889914,857.0337034709321
559.8461123066515,856.1745157248023
557.0595902768232,857.2859539719763
554.2730682469949,858.3973922191503
551.4686376076851,857.3319492177183
548.4798493304586,857.0728264014442
545.7306639778307,855.8720017277736
544.2063402287623,858.4558819703597
541.5057799380854,857.1493697750783
538.6571600111564,858.0903078771354
537.1635090296774,860.6920393670333
534.2027328303657,861.1755725071483
532.1247280761293,863.3393414969831
530.4218729252854,865.8092168653458
527.4245221838148,865.6831671425927
525.8485718543228,863.1304469152716
523.0134912926343,862.1494687255366
520.0602489958698,862.677066997521
518.203568999919,860.3206418676609
515.853976917269,862.1859614234339
512.8539773614235,862.1843289630912
510.42146129720277,863.9401380635654
507.8948887219172,862.3225994946853
505.1793841193774,861.0474388171293
502.49629243464494,859.7054183212651
499.8132007499125,858.363397825401
497.7574415009248,860.5483129061768
495.7016822519371,862.7332279869526
492.7214999384321,863.0774857076676
489.94456373178446,864.212662039437
487.1676275251368,865.3478383712064
484.94714396344796,863.3305499058972
482.7526250899156,861.2850458326403
479.770982456927,860.9536741242148
478.11496826880557,863.455197062095
475.12049358594396,863.6371898468448
472.557959756722,862.0772474203133
469.9954259275001,860.5173049937817
467.8355762366406,858.4352268701529
464.8468726818847,858.6953250473658
462.0299360499769,859.7272494689279
459.21299941806916,860.7591738904899
457.92671870128214,858.0489189361319
455.22456740766137,856.7457004638935
452.4620417820117,855.5758918609038
449.699516156362,854.406083257914
447.1480257367785,855.9840238901222
444.2310270931382,855.283225122286
441.3140284494979,854.5824263544498
438.62865074126313,855.9198666574598
435.94327303302833,857.2573069604698
433.66394994922945,855.3067464564963
431.38462686543056,853.3561859525228
428.5016971816185,854.1860753657553
426.06136849002974,855.9310097132334
423.24627172082063,854.8940766488612
420.2644924529982,855.224216616124
417.6309878979138,853.7873263077322
414.99748334282947,852.3504359993406
412.125040983251,851.4849448723501
411.71178391425786,848.5135447655103
409.024361990065,847.1802168233418
406.06253556570573,846.7031589317112
403.06786951845476,846.5243426420669
400.0732034712038,846.3455263524227
397.10590806698207,846.7872932412731
394.13861266276035,847.2290601301236
391.42882861594353,845.9417876571728
390.3763293950273,843.132473614569
387.38526881492993,842.9010506118498
384.3853103748893,842.9168416861902
382.69970185239015,840.4351640461897
380.26338772838807,838.6846288454045
377.82707360438593,836.9340936446195
375.05704747652976,838.0860290816098
372.2512188395017,839.1477850138433
369.82578630037364,837.382203806949
367.0981911679372,836.1331142210868
364.22803694423214,835.2600651204356
361.3578827205271,834.3870160197843
359.3324331966284,832.1739741706231
357.30698367272976,829.9609323214619
355.4088704313699,827.6377521470082
352.8429292910749,826.0834207587446
349.99279685935585,825.1470740699251
347.0527858184081,824.5501359834325
344.0626862618935,824.7936614279574
341.1144954503266,824.2385299673169
338.1663046387598,823.6833985066763
335.1978559618923,824.1173483341947
332.23952987123505,823.6190444697337
329.3162874233083,822.9447644161659
326.3930449753816,822.270484362598
323.4024397930716,822.5077197805709
320.745527111633,821.1145884144713
319.51884426608086,818.3768431384407
317.89774315424467,815.8525548852487
316.27664204240847,813.3282666320566
313.73677074050545,811.7316909934572
312.0929216089658,809.2221571656843
309.92430036867387,807.1492167622586
307.60834912900174,805.2422899531069
305.42943842975603,803.1801677053455
302.6967173125769,801.9423327826992
300.10343439726347,803.4506045490408
297.6870057055698,801.6727203070387
295.2705770138761,799.8948360650365
293.180797419382,797.7424371135324
291.0910178248878,795.5900381620283
288.20379527545543,796.4048669477553
287.32909831294324,793.5352144907891
286.3484315430786,790.7000261925481
285.1844461060204,787.9350419426262
284.0204606689622,785.1700576927043
281.0301903914991,784.9286375864145
279.3217599672652,782.4626153874974
276.3834062910614,781.8575718572125
273.4450526148576,781.2525283269275
270.96008235537073,779.5717776584863
268.47511209588384,777.891026990045
268.689896758063,774.8987256100212
265.7105712930137,774.5471295729152
263.1189440087028,773.0360147463003
260.89783163957793,771.0194186430311
257.91069545956753,770.7418984778668
255.0794647825819,769.7498637739902
252.64895489308472,767.9912786389864
250.21844500358753,766.2326935039825
247.224443375101,766.0430774481748
244.23044174661447,765.8534613923672
244.1671278273854,762.8541295755067
244.93833276318745,759.9549498730746
244.6799393427528,756.9660984481496
242.22739538337774,755.2383750538145
241.05943034263464,752.47506948555
239.3721820262868,749.9945064206429
236.735853413273,748.5628041316859
233.75704888955,748.9187867287989
231.4169054012287,747.0416270515025
232.06424201814824,744.1123002850943
231.83157579294576,741.1213361549767
230.09280873824397,738.6766093543947
227.2761379277095,737.6439595855558
224.39183877854802,736.8188423707636
224.60267004954008,733.8262598447216
221.65069645228593,733.2916086676778
218.79719640576965,732.3655754692818
219.73247185382692,729.515091328603
218.65872401851414,726.7138299009314
217.58361330071148,723.9130912582755
216.50850258290882,721.1123526156196
215.43119899385067,718.3124567288047
214.35389540479252,715.5125608419899
211.59878722897318,714.3253881757221
208.84367905315383,713.1382155094543
207.6482804760665,710.3866664472173
204.64865295332837,710.4339393234977
201.928860677358,709.1679496017496
199.3668907767425,707.6070811805365
199.73888806208316,704.6302341875422
197.04337656628613,703.3133371619452
194.89634039473165,701.2180482372295
194.64117834631912,698.2289192120702
195.3419503906395,695.3119141483278
195.2202281912862,692.314384547776
194.2934197581515,689.4611362010191
192.73762722289857,686.8960807265213
189.84815871580307,686.0892525251654
188.19957315879768,683.5828276487263
188.7717866231756,680.6379046019923
189.3440000875535,677.6929815552584
187.31723897705822,675.4811408284012
184.5666480261896,674.2835392999286
181.9176420366368,672.8754316096885
179.268636047084,671.4673239194483
179.0565497582637,668.4748300754957
179.57837539099864,665.5205623135924
179.69782935879576,662.5229414653901
179.8172833265929,659.5253206171877
177.04604206518516,658.3763115349471
174.27480080377742,657.2273024527067
171.97124013553244,655.3054262215943
169.01164390442156,654.8147224934709
167.31643265621872,652.3395944515372
166.38053086429906,649.4893158974514
165.4446290723794,646.6390373433657
167.40612113250873,644.3691146799144
169.36761319263806,642.0991920164632
169.10962424682833,639.1103056513032
167.03631253613094,636.9420393968305
166.94317839273756,633.9434854067656
166.85004424934422,630.9449314167007
164.21773246639506,629.5058571735335
161.8214832023135,627.70086701722
159.85607650048212,625.4343329900331
158.22962768945612,622.9134870476732
157.7442011179838,619.9530206918927
159.0678328383316,617.2608098775453
156.80073925904168,615.2960486445344
157.97261225217264,612.5343981076326
158.81138247291165,609.6540397068773
156.95258339250034,607.2992857964522
155.09378431208904,604.9445318860271
153.06528524557993,602.7342849457121
150.74075352153557,600.8378271254822
149.34675699641403,598.181368263021
146.64842874714898,596.8702524560771
146.22791957117758,593.899869983579
146.23265469204415,590.8998737204763
146.0176451308095,587.9075884919966
147.1601888212088,585.1336753867374
147.19474963672891,582.1338744683379
147.0191232230364,579.1390196533572
146.84349680934386,576.1441648383765
146.25696896850937,573.2020592841983
146.79164168671772,570.250089588486
147.07871170598855,567.2638560403462
147.7468496998386,564.3392036471251
145.6314154491413,562.2120134978962
144.1385153449534,559.6098510742731
142.6456152407655,557.00768865065
140.57933076863688,554.8327246325017
140.4658883977006,551.8348702617097
140.20908532762257,548.8458817734083
139.95228225754457,545.8568932851069
138.9878443565656,543.0161434659298
140.3758151888472,540.3565312820324
140.87214729689262,537.3978737421128
140.15196886252085,534.4855991975917
139.4317904281491,531.5733246530706
136.95580805705097,529.879361460433
135.59796465177382,527.2042425309749
134.30970966271437,524.4949254430054
135.1820209428909,521.6245468912327
135.7346374108188,518.6758836280956
135.68829914321,515.676241521951
135.6419608756012,512.6765994158065
135.87096495718518,509.685352663929
136.09996903876916,506.69410591205144
134.33468261086716,504.2684588174672
136.05105074817212,501.8079547192702
133.6876460882778,499.96016728193064
134.12337027454168,496.99197853565715
136.9845816421027,496.0900530896587
138.31331698340793,493.40035749484383
138.51684183466367,490.4072691842654
138.72036668591943,487.4141808736869
136.7957555433168,485.1129047169057
136.7525934477833,482.1132152273903
136.26002602700282,479.15392860119374
138.10049160824434,476.7848177037756
137.81679015842604,473.798262248511
139.1615273236028,471.11653109931046
139.35014845558382,468.12246662629553
139.53876958756484,465.1284021532806
138.12179419800512,462.48412895533335
136.7048188084454,459.8398557573861
135.28784341888567,457.19558255943883
138.2455674341311,457.6974477302174
140.3779298372916,455.58722722477546
142.7073506599908,453.6967779049641
145.39133525581926,452.35654408605205
143.4663429607748,450.0555867496333
141.54135066573033,447.7546294132145
143.30380123938428,445.32692103381083
143.94483021580652,442.39620749417804
144.40837952851604,439.43223684069875
145.4799354586395,436.6301362199827
143.51820761229445,434.36041732618236
141.99947162487618,431.7732487965885
142.81023009496016,428.8848806235214
143.62098856504412,425.99651245045425
143.51054974197257,422.99854592856667
146.03489223556622,421.37752927996695
148.27399598048262,419.38092856387436
150.32577974279866,417.1922798043206
149.33832064141265,414.3594500312686
147.16853658042265,412.2877268044176
144.99875251943266,410.21600357756665
147.07563477415164,408.05115713958696
145.80389282099208,405.3340497798064
147.139116688824,402.64756932710026
148.47434055665593,399.96108887439414
149.07689869722037,397.02222452107
151.12158688635864,394.8269454478771
153.04006843152735,392.5205568074162
154.95854997669608,390.2141681669553
155.81543702731452,387.33914737007706
156.92359948580005,384.5513209827991
156.01637702080527,381.69178476183447
156.1956719223504,378.697147331647
157.6560282796421,376.07658263873867
160.64156295162016,376.3708320608569
162.11116846104568,373.75544305601153
164.69235621292734,372.2265644507795
167.1268124427699,370.47344640997886
167.52083742117324,367.49943492439337
167.91486239957655,364.5254234388079
170.23778945507155,362.62700043672186
169.64510914463145,359.6861281087184
169.05242883419135,356.7452557807149
169.1926474776702,353.7485344503238
169.45632111718953,350.7601442127841
168.79022634243572,347.8350257961989
168.1241315676819,344.90990737961374
168.49319959646905,341.93269579994273
170.77231424538078,343.8834998436939
173.30832190419903,342.2807942704787
175.7789024865405,340.57896243796483
177.4899993755752,338.11478966879145
180.26562897162194,336.97642226520446
182.5384830372693,335.01832768212876
185.4897943495393,334.4800326532951
186.89240145388035,331.8281100845062
188.2950085582214,329.1761875157173
186.8849501744484,326.5282193598756
189.51279832688985,325.081010291458
192.156914573642,323.6637420480894
192.03973221221295,320.6660315393561
191.821073145116,317.67401078201226
193.1160318918988,314.96789144906876
193.46568043970868,311.9883368023112
194.10556887397186,309.057374026755
194.60869897706658,306.09986492290426
195.864833116046,303.37550682880385
198.86008271611095,303.2067471377913
201.823156742049,302.73750059618317
200.52203518163532,300.034338987062
201.13405703422305,297.09743087614754
202.25658217317232,294.3153565938131
202.84381070090902,291.37339081287473
203.74312638377526,288.51135809074333
204.67038490969702,285.6582559849459
205.59764343561875,282.8051538791485
208.54749211747574,282.2589005000774
210.79450017341293,280.2711996180146
211.4257873269077,277.3383722228492
213.52464880094362,275.194828308485
215.6235102749795,273.0512843941208
216.8578723531445,270.3169928478536
218.0922344313095,267.58270130158644
220.5520528884643,265.8653506798902
222.6720829788135,263.7427408674155
225.30949763279014,262.3130402193813
228.30309200467858,262.11709957378196
230.77169900682523,260.41240620870053
233.50259339959595,259.17054638749147
236.12597340479377,257.7152535137618
235.937486092829,254.7211806133086
237.31246707654734,252.05482968096436
239.24978974171398,249.76424440836882
240.9033734599267,247.26111419064907
242.55695717813947,244.7579839729293
244.48990184497075,242.46370305835748
247.45177568340972,241.98693963151902
250.3745376989728,241.31058011145464
252.55606745432016,239.2512287751028
254.7981984633501,237.25802819855602
255.5299401753583,234.3486375292049
258.1396001429208,232.8688825313416
260.74926011048336,231.3891275334783
263.7458457228651,231.24603781453644
264.3477863026287,228.3070469097472
267.1660512331574,227.27875571492348
266.57463490784306,224.33762893592333
268.38057674311943,221.94209682643313
271.33551892193105,221.42410385362376
274.2904611007427,220.9061108808144
275.8453411756724,218.34050219034998
276.4081404265079,215.39376552019112
278.5673546556103,213.3110283997552
280.4335377713851,210.96212214824214
280.3860720622633,207.96249767066874
283.30981632812853,207.2903968837179
286.2836462042985,206.8950035762395
289.1554238890782,207.7626976059536
291.82487813917,206.39375129339533
291.4630530799307,203.4156507869472
290.43902678613074,200.5958333904468
292.6245827409815,198.5407554921139
295.4966456952744,199.40750481376247
298.0276050482881,197.7968388790036
300.9825736532561,197.27899667943558
303.3840039215841,195.48090528399484
305.7854341899121,193.6828138885541
307.42175593183714,191.16836540888636
309.29228166856757,188.8229158851854
311.16280740529805,186.47746636148446
314.1607089940343,186.5896539911632
317.1586105827705,186.70184162084198
319.89460978095275,185.4712692387587
321.1671932387168,182.75455590404243
323.93492813611175,181.59712619224914
326.7026630335067,180.43969648045584
329.6810811104114,180.79889803831364
332.07797529412284,182.6030317007928
333.84966891094507,180.18206046426158
335.2021155237408,177.50420905696927
338.19203106812023,177.25843469403003
340.77870373775306,175.73885432426522
343.3653764073859,174.2192739545004
346.3459652303091,173.87855373398907
348.4753629213758,171.76534161182056
350.6047606124424,169.65212948965203
352.8958986438867,167.71546056573405
355.4258519675229,166.10321487098952
357.95580529115904,164.49096917624502
359.3004827629849,161.80920809502172
362.24674882433425,162.3744658200826
364.87092499896653,163.82832255459678
367.6477800612796,164.96369736623663
370.44728962305834,166.042004471615
372.50124876809343,163.85539709247104
373.17541876811094,160.93212926158787
374.41899722746194,158.20201706326375
376.79410741382225,156.3693000631114
379.66141564171255,155.4869489276373
382.52872386960286,154.6045977921632
385.12651684298555,153.10410731653744
387.7670996903297,154.52794797697382
390.7575675984376,154.28898837667165
392.1539919671191,156.94417179454555
392.35998385974085,159.93709132907603
394.3496363619697,157.69181118611516
396.3392888641986,155.4465310431543
399.3042158439571,155.9039236586394
402.26765325589537,155.43697751021898
404.1427435226758,153.095175534939
407.13055641939576,152.8250383583162
410.1183693161157,152.5549011816934
412.38242091311764,150.58663535459763
414.64647251011957,148.61836952750187
416.98376546797107,150.49907727438278
419.2929977819534,148.58401954155596
421.4385364371831,146.4871972126699
424.2927486224234,145.5633612956232
426.3479071305886,143.3778811409853
429.205126528622,144.29237406687486
432.075194224073,145.16570757907309
435.0742415346481,145.24130671221906
437.52107242424415,143.5055018275277
440.113699128365,141.99610235320708
442.70632583248585,140.48670287888646
444.9940777333297,142.42737060938165
447.28182963417356,144.36803833987682
450.1906099064935,143.63387396634553
452.31687204615076,141.51750695813075
455.2356362874975,140.82409849017301
458.1969214348141,140.34369212439256
461.1582065821307,139.8632857586121
464.05886480062577,139.09766058956603
466.95952301912087,138.33203542051996
469.90819092200564,138.88462713100535
470.52249592243015,141.8210585309283
473.52150095129707,141.89831677858518
476.520505980164,141.97557502624207
479.43503356637103,141.2645694360825
482.2491773896702,142.30408593031777
484.9763217379631,141.05401245104778
487.8323649847107,140.13585289372276
490.83032287282504,140.24652584025014
493.07947608547744,138.26125260313253
495.32862929812984,136.27597936601492
497.6083335630445,138.22609435352973
499.9930222885855,136.40585819240187
502.98736670847404,136.58998177883896
505.88884151984337,135.82745707826246
508.8434455332052,136.34737546053606
511.3167227159205,138.0452859344598
514.2722315256833,138.56003604413885
516.5953702182746,136.66187203252522
519.2205573376898,138.11390253773394
522.2175066173531,138.24916160443578
525.2144558970165,138.38442067113763
527.1250514725375,140.6973462096709
529.8406983191611,141.97220392895707
532.5563451657847,143.24706164824326
535.0203994321686,141.5357941144206
537.9487082310816,142.18772016713575
540.6610208928695,140.90578412165416
543.3733335546574,139.62384807617255
545.9925362072007,141.08664589710003
548.611738859744,142.5494437180275
551.609989193592,142.4469989251855
554.4884968736051,143.29209864480774
556.9420296099846,145.0184175931814
559.3955623463642,146.74473654155508
562.3952014984968,146.79126563990357
565.2080005797854,145.74811592471315
568.0207996610741,144.70496620952275
570.9166975974299,143.92152818248408
573.3033214507502,145.73922633750385
576.1011102731918,144.6564624181654
578.7292685344356,146.10310824692095
581.3574267956794,147.54975407567647
584.1723304996084,148.58721112905596
586.5843881228241,150.37102110276035
589.5035235383907,151.0628653233655
592.3873747992486,150.23618406359964
592.7087117879443,153.2189248400829
595.684998008664,153.59538245038377
598.6612842293838,153.97184006068466
601.4166139055048,155.15849855236902
602.8123232759056,157.81405788203494
605.7537609686182,157.2241898460393
607.9700309368014,159.24610661686074
610.8109200693937,160.21013407306708
613.5224135988143,158.92646634350857
616.2339071282349,157.64279861395005
618.4067604533327,159.7113025244156
621.403985279647,159.8403115958991
624.3940362444554,160.084432934272
627.3840872092637,160.3285542726449
629.9568218832845,161.87161496396297
632.6297074589781,163.23384941487396
635.3670236874913,164.46148937232022
637.2132848059608,166.8260865647459
639.8647079725807,168.22963748705382
641.5093081808695,170.73867916763552
643.7078685213492,172.77983874720547
646.6812333986286,173.17871379851988
649.4106304095004,171.93356643493436
652.1400274203722,170.68841907134885
655.11608151464,170.31013078446702
658.0921356089077,169.93184249758522
660.5522083079538,171.64882890271724
663.0122810069998,173.3658153078493
665.716684745875,174.66435310751405
666.4773444078903,177.56631742131646
667.2380040699056,180.46828173511886
669.766372954425,182.0830110572637
672.5557910712021,183.18716076169522
671.5096456007861,185.99884702703997
674.0000983695834,187.67146324314874
676.4905511383806,189.3440794592575
679.4845783959286,189.15486851596918
681.9326732899965,190.88889025448307
684.4006969822,192.59442801563702
686.9946206251882,194.10159759280708
689.5885442681764,195.60876716997714
692.5784924561106,195.3633902487532
695.3403747781349,196.5347168638737
698.2846870700424,197.1100646958175
698.8585842445451,200.05466008960215
701.095797393767,202.05337901054844
703.5457625170628,203.78475733276295
705.9957276403586,205.51613565497746
708.790800208216,206.6058922059609
711.5676796642199,205.47057705728034
714.5665314469278,205.5535709447049
715.5466077933846,208.38896339639757
715.7819300215016,211.37971973032953
718.2997876343161,213.01079086353988
720.0843385663168,215.42230034332542
722.1790208646086,217.56992835329893
724.2737031629005,219.71755636327242
726.6825239887783,221.50573482998587
729.4627228061695,220.378572669613
732.2828148892255,221.401842254368
732.4765768780017,224.39557843040382
734.4515941935003,226.6537428627427
736.1769873375277,229.10792673901258
738.8924895611492,227.83276099546913
741.6079917847707,226.5575952519257
741.0892222859844,229.51240120276734
742.1484547565326,232.31918344821077
743.2076872270807,235.12596569365422
746.2069507348835,235.05949456637586
749.2062142426864,234.9930234390975
752.205996778727,235.02914457509794
752.8179088506638,237.96607556104536
755.2069190608293,239.78063617334942
757.6133302905722,241.57205599945587
759.2988292594271,244.05380804710066
760.9843282282819,246.53556009474545
763.1991619807511,248.55905001291237
765.0453927684755,250.9236708870608
766.8916235561999,253.28829176120925
767.5582581631064,256.2132871972526
769.3676681315951,258.60620081164274
772.0254792317613,259.99761741203
774.8151586461759,261.10110677074266
777.812295877038,261.2321350859273
779.4891774617209,263.7197178787105
778.3840381124423,266.50874405619186
777.2788987631636,269.29777023367313
778.9611324905613,271.7817367564761
780.8658672503591,274.09949116426355
781.3689006898871,277.05701671085086
784.2597265158041,277.85896810851233
787.2552785032256,277.6956638199734
786.7707651093524,280.6562797645291
788.3488100337377,283.2077056828387
789.9268549581228,285.75913160114834
790.5249219355575,288.69891320706773
793.3991776979774,289.5583629218247
795.0182718772977,292.0839389033567
796.3602681661232,294.7670426957543
799.1605761959374,295.8432745193677
801.0904933011292,298.14010276002665
803.1773141232428,300.2953704595
805.2641349453563,302.4506381589734
808.0161156171915,303.64504277293184
807.9423349260773,306.6441353706385
810.8789660529895,307.25748488311086
813.2483137998769,309.0976455430316
813.933289905395,312.0184001946361
814.6182660109131,314.9391548462406
813.0880494080684,317.5195496122364
813.6136944180033,320.47314019380497
813.384363956863,323.4643619407828
814.8936356063114,326.057063058955
816.4029072557597,328.6497641771272
818.4651223813374,330.8285869730054
820.5273375069153,333.00740976888346
817.9071984131215,334.4685295891491
820.8316565160185,335.13751748470486
823.4419183422975,336.61621055572067
826.0521801685767,338.0949036267364
824.3798528044869,340.58555036750806
822.707525440397,343.0761971082797
824.4078046103671,345.54784650578046
826.1080837803372,348.0194959032812
826.8507271298153,350.9261229614839
828.6532218516328,353.32424989261574
830.4557165734503,355.7223768237476
832.2309709108857,358.14073826021996
834.6996416102145,359.8453393802113
835.3755730645545,362.7682004219021
837.3759531240647,365.00392840569486
839.005595723852,367.5227108490509
839.4910414564331,370.4831740629279
840.120405045155,373.4164148428829
841.4945018968457,376.0832215179484
842.8685987485363,378.75002819301386
844.1411168043937,381.46677216282717
842.3717272647376,383.88942786617326
842.3749177238104,386.88942616966796
845.0966935940282,388.15114567585795
846.2988734738481,390.89973868621007
846.7690309609762,393.8626683069229
847.2391884481043,396.8255979276357
848.1627359267088,399.67990345696563
850.0526200702399,402.0097828366826
850.4067965553523,404.98880264483984
850.7609730404649,407.9678224529971
853.1384314260428,409.7974922660634
853.6568488477568,412.75236000876583
855.6638633766146,414.9821341410388
857.6708779054724,417.21190827331174
858.5570096757924,420.07805036428164
859.6398543302944,422.8758079403087
858.8236723479413,425.7626482496577
858.0074903655882,428.64948855900667
856.9871357432716,431.4706366311073
857.9355325591537,434.31678200329486
857.4431175508981,437.2760939942219
856.9507025426426,440.235405985149
855.4214947324623,442.816398715337
855.9602427729192,445.76762736606946
857.5959328895001,448.28248677417156
859.8028846226331,450.314570445584
860.6929585205087,453.17949076844127
859.7866395644016,456.0393134814431
858.9444168077293,458.9186642464843
857.9791987316711,461.7591490758137
857.013980655613,464.5996339051431
859.5069446731538,466.26850490292765
859.7372988204743,469.2596479899117
860.260478029947,472.2136763436645
861.647860260648,474.8735956179912
861.8896168899239,477.86383870713985
862.1313735191999,480.8540817962885
862.2342718385526,483.8523165996143
862.3371701579051,486.85055140294014
861.5396246619058,489.7425958669502
864.2893360284833,490.94221555689967
863.2338694475425,493.7504161011125
862.4973445477422,496.6585995671225
864.0078795211566,499.2505648628184
865.7186307264599,501.7149776353777
867.9948012523671,499.7607392320627
865.7492477045272,497.7713953040845
865.5740093088169,497.61615098190373
