847.1794456083477,493.92110485850475
847.613468651831,496.88954283119773
848.1112700649883,499.8479535114547
847.0374064195186,502.6491705453417
844.216530330007,503.67027685108167
842.4888560674004,506.1228554211436
841.7702388105675,509.03551558638463
839.6429760302158,511.15087679982554
837.1914477122858,512.8800410217511
834.6344489564771,514.449039862666
832.0774502006683,516.0180387035809
834.8170658986562,517.2405385307133
836.7611006850778,519.5254299393326
838.5691079328965,521.9194035799217
839.3489752968097,524.8162651393861
842.2150685710221,525.7025547892829
845.0811618452345,526.5888444391798
842.0843909006405,526.7279986904156
840.8439631814837,529.4595438709952
840.164394187084,532.3815613216361
842.2917310895355,534.4968479933353
841.4073068701612,537.3635174546064
843.7920051642221,539.183741079962
844.5711177690945,542.0808057235157
845.3502303739667,544.9778703670694
843.3556941041041,547.2188132642005
841.1575995857495,549.2604744722316
840.0505869305618,552.0487576323957
837.3761126241702,553.4078702783714
835.9029703582023,556.0212688060014
836.691011358955,558.915917555182
834.6924116603224,561.1532372115174
833.3417577368112,563.8319932621692
831.9911038133001,566.5107493128212
834.8195753901007,567.5106235745317
834.1249829389416,570.4291062842274
833.4303904877823,573.3475889939231
836.2578227159001,574.3503985448353
838.0975827503022,576.7200573843768
835.8859288659394,578.7470223805676
834.4664574908629,581.3899565483703
834.1166753319047,584.3694955129207
833.7668931729467,587.3490344774712
832.5610404009021,590.0960181126886
830.6003233570262,592.3666102543676
829.0069532376426,594.9084937415981
828.1017209564119,597.7686606103346
825.596304913097,599.4187789242444
823.5178479229068,601.5821135123119
824.9126499188864,604.2381495421902
823.9290071439876,607.072306716976
824.1332704028123,610.0653447256044
823.1134244000144,612.8866767036916
822.2999043727812,615.7742682893024
820.7289065491441,618.3300393741471
820.5905580075143,621.3268476231061
820.4381697109474,624.32297475777
820.2857814143804,627.3191018924339
821.8110121546636,629.9024468536993
819.2071492353903,628.4125146748289
818.6842595887025,631.3665942975518
818.1613699420147,634.3206739202748
818.3063211314578,637.3171700662224
816.9839984725782,640.0100240885959
814.0572470516929,640.6689065669988
815.0611368978638,643.4959554128369
814.0161030833888,646.3080550424027
811.0700918981762,646.8746396315
808.9667297532094,649.0137674180337
807.8151034821292,651.7839220945378
805.3327014468292,653.4684636152903
803.0776712653368,655.4470587938345
800.8226410838444,657.4256539723787
797.8421842296945,657.7675266687885
797.9253379530401,660.766374023739
799.1890737554133,663.4872143023662
799.1639724175418,666.4871092876676
799.1388710796701,669.4870042729691
800.6335317440266,672.0881558445668
798.4577604305478,674.1535902278001
798.53528953789,677.1525882667315
795.5500395086058,677.4497115789412
794.3646855931459,680.2056027406353
793.982023268759,683.181097581077
793.5993609443723,686.1565924215187
790.8364296111391,684.9877423679027
788.4693573697315,686.8308291819072
785.5359176456377,687.4592648469586
783.6009672626958,689.7518544342055
780.723920757914,690.6019152610427
778.7687377705137,692.8772744603298
778.5578894690876,695.8698557865072
776.470158238403,698.0242416174167
774.3824270077183,700.1786274483262
773.1792689465151,702.9267924142192
773.4710289629129,705.9125713901034
771.712961274745,708.3434555921624
769.954893586577,710.7743397942213
768.6478147321109,713.4746258657714
767.7851025623706,716.3479040827532
766.9223903926304,719.221182299735
764.1731001851175,720.4217668885391
762.5440187501422,722.9409123147142
762.1202790724053,725.9108356614543
762.5070056260829,728.8858050012426
761.2601760596926,731.6144339669275
759.7228745735953,734.1906141121897
756.7488769018141,733.7964848843462
754.1338042256808,735.2666532075463
751.5187315495475,736.7368215307463
748.9036588734142,738.2069898539464
750.3967335606632,740.8090521088313
747.8319153523531,739.2528684569697
746.0061383855781,741.6333176724738
743.166736492656,742.6017168104695
740.327334599734,743.5701159484652
739.1096516475124,746.3118760086945
738.8338238587826,749.2991689355707
738.5579960700527,752.2864618624469
738.0403073843547,755.2414573657769
737.5226186986567,758.1964528691069
734.5929807790915,758.8423798465938
731.6633428595262,759.4883068240806
728.8898802966152,758.3446699008698
726.3461501380576,759.9350902479621
724.5711853263512,762.3536641908474
723.5886555600514,765.188207409487
722.9283659607917,768.1146416980213
721.1872126648366,770.557669573422
719.4460593688815,773.0006974488226
716.5072622301384,772.3978115746181
713.6057323400869,773.1601266650748
711.2073982649853,771.3579075706785
708.893124830037,773.266870238803
706.3823669641514,774.9088492090989
704.4343402239053,777.1903381569762
701.9730516242001,778.90558112197
699.5117630244949,780.6208240869639
698.143177496929,783.2904633235906
695.1507261496307,783.5031483819588
692.1582748023325,783.715833440327
689.2258443393861,784.3489618475115
688.4785582344887,787.25439872988
686.1767514339513,789.1783751988108
683.8749446334139,791.1023516677418
681.7053121462923,793.1742336312781
679.5356796591707,795.2461155948143
676.8847298642931,796.6505603908241
673.948520025635,797.2659235221273
671.5334158437955,799.0456065812311
669.8095823313748,801.5008862030778
667.4345940764374,799.668011196726
665.0596058215,797.8351361903741
663.4961151093141,800.3955066309371
661.6246843810094,802.740234126651
659.7532536527046,805.0849616223649
656.9064493399393,806.0313786577256
655.1208179141212,808.4420881821459
652.1250959638656,808.602244345803
649.2832520173926,809.5634534717972
646.4414080709195,810.5246625977913
643.457801719534,810.2114643539063
641.0413096681882,808.4336662310075
638.6604988575929,810.2589716531635
635.6709845427857,810.5095792379711
634.1632115125225,813.1031521575574
631.3730475223623,814.2054156959244
628.5828835322021,815.3076792342916
626.5606781638533,817.5236858787359
624.5384727955044,819.7396925231801
622.5162674271555,821.9556991676244
619.8732567588837,820.5363702390805
617.2337204476561,821.9621500473647
617.4683707542769,824.9529591742738
614.4692988080009,825.0275745953386
611.6983017056062,823.8779768141471
608.9273046032115,822.7283790329557
608.2304747223886,825.6463283329251
607.6444249218227,828.5885291471553
604.6447204142385,828.5464237178312
601.6450159066542,828.5043182885072
599.2865075317314,830.3583512562344
598.3794787472038,833.2179489174515
595.4098465967104,832.7921732831608
592.4503809312228,832.300682718857
589.7311749930699,833.5679313392603
586.9901072016605,834.7871718253409
584.0607007042698,834.1401961124697
581.1573391425126,833.3848871414448
578.7364707368655,835.1567212653232
576.3156023312184,836.9285553892016
574.2823344056723,839.1344161153005
571.300455854898,839.4636581363621
568.6429805145096,838.0716003734702
565.9855051741213,836.6795426105782
565.0713358084193,839.5368655483667
562.0794128613865,839.7568589096718
559.0874899143537,839.976852270977
556.3756465519295,838.6939237547782
553.5049089228343,839.5650525999534
550.634171293739,840.4361814451287
547.8651137574311,839.2819196201441
545.0960562211233,838.1276577951596
542.1446220908715,838.6652790138489
539.1734111186655,839.0798937249275
536.6761571904373,840.7423385564779
533.9963333154949,842.0908725750658
531.6353364553618,843.9417355701147
528.7097680741826,844.6058512581127
525.7674686720039,844.0202966253594
522.8251692698252,843.4347419926061
519.9616216389543,842.5402617157225
516.986200148702,842.9234939629886
514.0107786584497,843.3067262102546
511.019204499291,843.0820396502336
508.33981583489157,844.4314381773885
506.15018041639314,842.3807073968965
503.27907871920144,841.5107792134336
500.72379743437546,843.0825735878408
497.756492708643,842.6408693149999
495.42793891272083,844.5323864889892
492.7524172052317,845.8894360801077
489.911572607551,846.8535947661279
487.0741295073659,845.8794712353516
484.12139044821,846.4098786717012
483.0844417930393,843.5947876453683
480.08539843964223,843.6705435985675
477.2367747112769,844.6114701919818
474.2755859632001,845.0924703980769
471.61472411218955,843.7068967948942
470.1734847268776,841.0757698435242
467.191569184103,840.7468630242587
464.194754611302,840.8850745152707
461.2625321662855,840.2509834075099
458.5142867729077,839.0480090695551
456.8360969346159,836.5613086721098
453.8561621416405,836.2149149227229
450.86155810383997,836.3947666860968
448.2474450666985,837.8666406715477
445.362105343447,837.0451696243239
443.6541445265212,839.5115170953518
440.66294383271327,839.7411219937385
438.218560230677,838.00187249867
435.57131213000537,836.5904627447393
432.81277720172693,835.4112744436322
430.45336616092703,837.2641585578044
427.48224301263286,836.8489149694487
424.70501216166184,835.7144596814736
421.92778131069076,834.5800043934986
419.1596728551262,835.736540418978
417.28120998845276,833.397442888192
415.4027471217793,831.058345357406
413.3508967749326,828.8697590204878
410.3754461654283,829.2527651175677
407.38989828633146,829.5468805058433
404.4614687484502,828.8954970230434
401.5025196922739,828.4009057949033
398.5041415333453,828.3022730616957
395.50576337441674,828.2036403284881
392.52103932304533,828.5060015977754
390.6610854389392,826.1521597277682
388.80113155483303,823.7983178577612
386.15282682265143,822.3888917172684
383.182319988686,821.9692619407216
380.1825383006982,822.0054534371376
377.4505124009082,820.7660848548035
374.71848650111826,819.5267162724695
371.8538040164137,818.6358771950672
369.78581067745637,816.4625379325432
368.7373586700251,813.6517109389142
365.8115283333943,812.9887502754877
362.88569799676344,812.3257896120614
361.20240994462625,809.8425374433253
358.5698910994845,811.2812328697355
355.8090363646478,810.1074862475339
353.0481816298111,808.9337396253321
350.0482736671813,808.9102403540587
347.06172464205554,808.6264712216284
344.0988613351957,809.0970464280126
341.1401629460088,808.600957885691
338.20299437794336,809.2117285486804
335.2555786147866,808.6524966476815
333.0849243716342,806.5816851746872
331.00569774328585,804.4190902916897
329.3501641665635,801.9172492543045
326.949307681533,800.1183918007281
324.2465990541059,798.8163295613435
321.5438904266788,797.514267321959
320.7053119219551,794.6338530997654
318.6494441349879,792.4490401460985
318.2160252405741,789.4805139019893
317.7826063461602,786.5119876578801
315.27539844859496,788.1593821335254
312.2809082173675,788.3411189076885
310.5432550778826,785.8956002373778
308.8056019383977,783.4500815670672
306.7709424824505,785.6546588277512
305.4907135496503,782.9415399804425
303.4614883662316,780.7319596684874
300.4621068788639,780.7928751282313
297.4627253914962,780.8537905879753
295.57750254823594,778.5201379078942
295.84272446217057,775.5318846829534
292.9328300065128,774.8021489383634
290.5980888640731,772.918274261587
290.1630029594483,769.9499918869474
288.6486870825853,767.3602337080665
285.65517752920516,767.5574659412887
283.97277895324174,765.0736110679927
281.2959917195875,763.71905944264
278.356103915748,764.3166041696987
275.8669184155476,762.6421025884537
274.4863066911753,759.9786628450906
271.6767093224092,758.9269201838741
270.08790725363303,756.382178942362
267.2955428302232,755.2855017214464
264.2982839564761,755.4137173357225
262.0146960982808,753.4681514812979
259.16218906070947,752.5390639716381
256.30968202313807,751.6099764619784
257.1218911181226,748.722015869099
257.93410021310723,745.8340552762196
254.9717434403207,745.3603018058094
254.14460607360073,742.4765813310449
253.31746870688076,739.5928608562805
250.7485850290575,738.0433975137605
249.66425550768824,735.246215094059
246.70963724842858,734.7263776751968
243.90451801714661,733.6627489343797
243.20002621439446,730.7466400029687
241.43899611807234,728.3179010297878
240.6527364249118,725.4227679249183
238.09688005165893,723.8519088608064
235.92087746246412,721.786718135518
233.7448748732693,719.7215274102294
230.85430642500836,718.9186488104907
230.85523583238592,715.918648954457
231.36024477772833,712.9614600925267
231.86525372307077,710.0042712305965
230.2510702878119,707.4755538012786
228.63688685255303,704.9468363719607
227.08251508435907,702.3809196924401
224.41079797098556,701.01639498907
221.44840161151066,701.4899008595404
218.75110379114622,700.1766665056426
216.05380597078175,698.863432151745
214.48449822421196,696.3066229690808
212.91519047764217,693.7498137864166
211.71366882270536,691.0009329754831
210.4251432688335,688.2917445551219
209.13661771496163,685.5825561347607
208.3527350029962,682.6867785373126
210.42907669594544,680.521413631778
209.28224157492843,677.7492720038662
206.78080782946947,676.0931230923612
204.23144539009039,674.5117467447819
202.8224515104887,671.8632120088864
205.03026509593641,669.8320647537835
202.67819431904948,667.9698716755785
201.71897197567804,665.1273565048226
198.98307209886812,663.896563319892
196.2471722220582,662.6657701349615
195.47183264503377,659.7676934382021
195.21393091803964,656.778799545938
192.44001946003326,655.6362518562809
190.60790786873807,653.2606746386258
191.52451586430337,650.4041330613919
190.3277400143053,647.6531827592488
187.6099001617624,646.3830069698679
185.99884613087465,643.8522946374286
184.93184817031639,641.0484552425694
185.96568764759894,638.2322208888246
185.760610598756,635.2392385293648
187.27852965363837,632.6515906122738
187.37110039984842,629.6530191762487
186.49432013951485,626.7840025546361
184.197616610835,624.8539370372638
181.60439829756587,623.3455542013347
179.39036738147718,621.3211858794616
177.17633646538852,619.2968175575884
174.41869398509243,620.4780914254388
174.44255873655126,617.4781863480009
173.67596904449456,614.5777828857164
173.8524102688199,611.5829759646681
175.0524986383777,608.8334691170221
173.8748659094085,606.0742697484261
172.6972331804393,603.3150703798301
172.01398797667602,600.3939103377347
169.02129688650828,600.6031949258692
168.04078042927213,597.7679546402692
166.81410712078173,595.0302050910523
164.89241137118148,592.726493857853
162.97071562158126,590.4227826246538
162.26060456208677,587.5080369611038
163.08627063017454,584.6238948799975
163.68901517716716,581.68506875192
163.13227219019672,578.737181839832
163.5457342285954,575.7658102469808
166.06905646373028,574.143205890499
165.82597902299185,571.1530698805817
165.7543469817313,568.1539251940644
165.68271494047073,565.1547805075471
164.3405533637339,562.4717593928461
163.6657923448649,559.548627926864
160.89353855040247,558.4020639735284
159.6401299196772,555.6764508673771
160.20512429394532,552.7301342928988
160.77011866821346,549.7838177184206
159.51569423608478,547.0586719711112
159.2282150962864,544.0724777804764
158.97159625903888,541.0834734692769
157.60550759605718,538.4125556935165
158.01969119658364,535.4412845942974
156.22916755968146,533.0342064680841
154.8148770887975,530.388496267785
152.81368673560874,528.1534935451234
151.6922326952674,525.3709873303231
151.30304822349913,522.3963385364427
153.6623845173528,520.5433592455425
152.55139976376714,517.7566563770436
152.39103184530381,514.7609457550495
153.4766369558936,511.9642581529278
153.72626389434237,508.97466179361766
155.2476840711955,506.3890708272302
154.6791997846252,503.4434256320442
152.53823026442728,501.34193817940894
151.8379621376334,498.4248121021547
153.98722941342186,496.3318118209256
155.52658393734893,493.7568579087817
155.89705437342437,490.7798205129813
155.12432316774627,487.8810472407554
155.28974007417042,484.885611171154
154.2347168589444,482.07724402718327
154.42660500320832,479.0833871601819
154.5802053652026,476.087321919104
154.73380572719688,473.09125667802607
155.40263330716886,470.16676190657085
155.50172461724605,467.1683988678
155.81004211961957,464.184284205504
156.64546907383544,461.30295433820845
157.51573660567536,458.431955483624
158.38600413751527,455.56095662903954
159.9477199406779,452.999503184186
161.50943574384053,450.4380497393324
162.09081883397815,447.4949232210696
159.47462053089868,446.02675891181667
162.1720605487917,444.7138166625653
163.4612546650624,442.0049463204166
162.98786619807086,439.04253119769675
162.51447773107932,436.0801160749769
159.58600336574156,436.73129799392086
159.74712092235882,433.735627596005
160.0294986045998,430.74894668827943
161.69180645189078,428.2516015737959
163.35411429918176,425.75425645931233
165.18925812058285,423.3810208716023
167.0244019419839,421.00778528389225
166.76338302833219,418.0191620010551
167.60426775402505,415.13942019351464
168.4451524797179,412.25967838597415
165.85960262617786,410.7381883416889
163.52811775261355,408.85028519683726
161.19663287904925,406.9623820519856
163.1427284228101,404.6792455833193
165.08882396657097,402.396109114653
166.6516438327865,399.83532914250344
168.1112579493191,397.21435096044644
170.1297086506178,394.9949238347163
172.1481593519165,392.77549670898617
172.93050327883304,389.87930300344493
173.71284720574963,386.9831092979037
173.20729365012016,384.02601349249085
176.05729621739493,383.0892716035336
178.02615207850664,380.8257330909021
179.99500793961835,378.5621945782706
182.49360849662557,376.901774373466
184.9922090536328,375.2413541686615
186.752598736449,372.8121509732424
185.67950493256185,370.0106389372056
185.7875842032877,367.0125864241166
185.89566347401353,364.01453391102757
185.89199821097966,361.0145361500539
185.66703288175273,358.02298294132675
186.19666604000489,355.0701049015696
186.72629919825707,352.11722686181247
189.72163918097175,351.9500790591026
190.8870435045951,349.1856925516692
193.48805775131527,347.6907929268252
196.1101829740758,346.23324041793813
197.74953611287532,343.72076727652785
199.99293278040216,341.7289913372893
201.48121195301871,339.1241832629092
202.9694911256353,336.51937518852907
205.0025406911515,334.3133132074972
206.6857673101264,331.830019397016
207.4795307688775,328.9369346123006
208.2732942276286,326.04384982758523
209.1815803700221,323.18465128891467
210.08986651241557,320.3254527502441
209.68153689298973,317.3533715060821
209.27320727356386,314.3812902619201
212.26723014200078,314.5705706446245
215.2612530104377,314.7598510273289
216.46545572193114,312.0121436503268
217.66965843342453,309.26443627332463
218.12069658105594,306.2985359733514
216.31109730154807,303.90576551891905
218.45111751369555,301.8033113597041
219.4266382806036,298.96634832974917
220.68343116927068,296.2422940654226
222.68298779603117,294.0058296019494
224.34028241968474,291.5051547869427
224.8783874972389,288.55380883542995
226.66884596780693,286.14668223610636
229.62834574088689,285.65539709167416
230.76864507361483,282.88056062229793
233.31325939503492,281.29155528712005
235.85787371645498,279.7025499519421
237.86633860199896,277.47408213670747
239.87480348754295,275.24561432147283
241.40787080450636,272.6669122057451
244.08102298499833,271.3052009955647
245.48342920925398,268.65317219063644
248.20110221582632,267.3826394561711
249.45627064069797,264.65783630269283
250.7114390655696,261.93303314921457
253.405274605163,260.6127111863496
252.9939108120704,257.64104838082596
255.91645645799116,256.9637545394915
258.6157622658275,255.65465249771597
261.0047865217239,253.8401103778579
262.482167565038,251.22910573350052
265.47706431846217,251.4040155283364
268.4719610718863,251.57892532317229
269.5826595156511,248.7921083275627
272.1138665124763,247.1818316000332
275.0061370907325,246.38510648924944
277.89840766898874,245.5883813784657
279.02126573208847,242.80644144918398
279.9870710861192,239.96615624904553
280.95287644014996,237.12587104890707
281.4502347038584,234.16738583557222
284.4228137202271,233.76269584132416
287.3953927365958,233.35800584707607
288.71259166100543,230.66264186543387
290.45802184537945,228.22266779354783
291.6323839909229,225.4620748226239
294.46230799059407,224.46631875004124
297.075172924011,222.99223027246592
299.1406550084114,220.81650424214388
300.65960277883505,218.22946004640139
302.1785505492588,215.6424158506589
305.1761827442106,215.5232469629899
308.1275466857121,214.98524056451043
310.2876677415246,212.90344397880963
312.4477887973371,210.82164739310883
315.3593113620589,211.5448599172786
316.8795718656724,208.95858692295783
318.5759062158525,206.48422846622626
320.2722405660326,204.00987000949468
322.4131719731158,201.90834372839214
325.1062393993357,200.58645574606035
328.0894976318528,200.2699587980198
331.07275586436987,199.9534618499792
332.68433564843235,197.42308428929758
335.6696869825948,197.1269805716333
338.6624505908906,197.33522558324262
341.65521419918645,197.5434705948519
343.73647610100676,195.3828343700257
346.2725411791769,193.7802196567257
349.20238100189846,194.42523020950367
352.13222082462,195.07024076228163
354.1047165238884,192.80987337701708
356.0772122231568,190.54950599175254
358.5435807620279,188.84157559783517
361.009949300899,187.1336452039178
361.54185867552076,184.1811763358026
363.2982714313613,181.74909610868826
366.1994725178543,180.98553061985848
369.1117079309376,181.70586727641816
372.0239433440209,182.42620393297784
374.5317881719279,180.77977922496953
377.3799633844788,179.83749585007092
379.88882161455086,178.19261579930745
380.7982863927856,175.3337919472399
382.3029943873741,172.73843959138887
384.9199709072903,171.271662889158
387.5369474272065,169.80488618692712
389.35114453155086,172.1941724541183
392.29911082110675,172.75049498255132
395.24707711066264,173.30681751098433
397.3282457670474,175.46754355185155
399.1580810710849,177.8448745679488
400.9879163751224,180.22220558404607
399.54745084207156,177.59065489137595
401.7008581838971,175.50191440482143
403.8542655257226,173.41317391826692
406.7304247337654,172.56011576667896
409.34859649826933,171.0954736221418
412.1917591502668,170.13817213656546
415.16170313193817,169.71457711094058
417.8075128469193,168.3004728177176
420.7655414441985,167.80040600450337
423.6844938019504,167.10778985310742
426.13759331448506,165.38085534896368
428.6651637738478,163.764876520836
431.4446630259157,162.63599038496852
434.2241622779836,161.50710424910105
437.1747544946348,162.0493270548161
439.3335300987117,159.9661352990619
441.49230570278866,157.8829435433077
443.8430748749815,159.74677945321713
446.19384404717425,161.61061536312658
447.9920952823242,159.20930478444632
450.96295097739636,159.62645756108523
453.9151841204507,159.09324140505507
456.86741726350505,158.5600252490249
459.17553950396336,156.64362974623808
462.05878110116737,155.8148246472236
464.98047793018003,156.4957707826391
467.9800219908939,156.548072100368
470.97880139820234,156.4625030270836
473.7722772459838,157.55634610900248
475.38498869414184,160.0860025649229
478.2392512706288,159.1623223472794
481.2323803395319,158.95939778768323
484.225509408435,158.75647322808703
487.0061852339687,157.63048834661987
489.82295166610544,156.59809943405463
492.34969782351885,154.98083203006837
494.8764439809323,153.36356462608214
497.2796444185013,155.1592894537961
500.22813469624793,154.60575076315806
503.17039298858793,155.19151192707778
506.11265128092793,155.77727309099754
508.5094838005511,153.97305750718363
511.36647217815744,154.88827191387873
513.8917520411507,153.2687159211569
516.7921014394786,154.03551013580545
519.6924508378066,154.802304350454
522.6478380151138,155.3177523422124
525.4772284056969,156.31502362811005
528.3392626437563,157.2143344865877
531.2497907207807,157.94153893710552
534.160318797805,158.66874338762338
537.1105174348236,159.2131035644675
540.0607160718422,159.7574637413116
542.7031198487846,158.33700526617042
545.6840942663574,158.6743352556114
548.6650686839303,159.01166524505237
551.1422807069979,160.7038297148274
554.0523959248903,159.97497484683876
556.9053102691483,160.90281090149878
559.8391512847212,161.5293704719645
562.1284327145092,163.468233678905
565.1253540201977,163.6041111513207
567.7966283269448,162.2387197868712
570.6535639233808,163.15409894209407
573.4770870734129,162.14033515243048
575.2729768434012,164.5434123326416
578.1478216491785,165.4008896458665
581.0226664549557,166.2583669590914
583.9951926384545,165.85328907964822
586.1085454107464,167.9825471804538
588.2218981830383,170.11180528125936
590.8800072387853,171.50265259414306
593.7436970829104,172.3966774688834
596.7407325141429,172.53001397527822
598.801229131769,174.71046202298567
601.7988449739521,174.83004154753993
604.4173161314486,176.29414837334153
607.4130066382248,176.13340513830184
610.3884280091538,175.75017196460834
613.3766218891361,176.0160616703815
616.3556730121494,175.66214867758072
617.5193821215918,178.42724923788606
620.0197427790338,180.0850177931182
622.6529915402788,181.52237681625817
625.2862403015238,182.95973583939818
628.1882982677784,183.72003812171647
631.0903562340329,184.48034040403476
632.4273063289056,187.16596220239353
634.5093886170195,189.32580787871453
637.5014474893259,189.1076709844203
639.0767139857963,186.55452871163217
642.0590288862727,186.87979450202008
645.041343786749,187.20506029240795
644.9890701303558,184.20551574950693
647.0508186265604,186.3847801066693
649.7305569578258,187.73348410530906
652.273265603972,186.14143110970466
654.5336077514824,188.1139557296241
655.9279701472702,190.770222566599
658.0648135550708,192.87590541321643
659.5872770587591,195.46088217905728
660.5742781912753,198.29387154797695
663.1725810295166,199.79347895019512
665.7708838677578,201.29308635241333
667.8194290101609,203.4847667122141
669.8679741525641,205.67644707201487
671.7346869593529,208.02493239174132
673.8780296835762,210.12399931933535
676.8242749887736,210.6893652199713
679.7860425516534,211.16678841114805
682.7728146257779,211.44820016859646
685.3236899715621,213.02713492667561
688.2921425163021,213.46105829505635
690.2860624960097,215.70254956528765
692.2799824757171,217.94404083551896
694.4234684076032,220.04296152477966
697.231918242079,218.98815844968343
700.2265514931936,219.16752313773202
702.9201073236416,220.4884156345916
705.6136631540895,221.8093081314512
703.6345688449793,224.06390027098496
706.4810630332579,225.01124964481494
706.9461871418389,227.97497357993723
709.5550516649728,229.456130526359
712.1639161881067,230.9372874727808
714.4116744492837,232.92413995832428
717.180406010537,234.07918348205834
719.669732599251,235.7534753128696
722.159059187965,237.42776714368085
724.2010414863039,239.6255633792929
727.1335243128965,240.25844920765323
729.1395038477758,242.4891545009731
731.360666532124,244.5056951848322
733.5818292164722,246.52223586869133
735.8925061760178,248.4355502674834
738.8748485987292,248.1105369236095
741.8723890213726,248.23199232537846
744.0705249918683,250.27360890427195
746.268660962364,252.31522548316545
747.673849470365,254.96578113377575
747.798109476924,257.96320660420366
750.5086391540106,259.248908307412
750.2624234991495,262.2387875443213
751.7033309537201,264.87009628853264
753.1442384082907,267.5014050327439
755.1300766424798,269.7500594098398
757.8926083903349,270.9198535550178
760.65514013819,272.0896477001958
762.4167664558213,274.51795425354294
764.4405678144045,276.73250343136596
764.9904305395986,279.6816814496351
765.5402932647927,282.63085946790426
766.7222635271073,285.38820353403094
769.1701152070818,287.12256859157964
771.6179668870564,288.8569336491284
772.6111446302308,291.6877635575586
775.0833753512868,293.3871973638208
774.9123633766617,296.3823192151876
777.0583124034256,298.47872155599214
779.2042614301895,300.5751238967967
780.8416066652519,303.08890602363635
782.9691842309072,305.2039506335962
782.091862226361,308.07280164059165
785.034532572956,308.6564892550485
787.7903880298192,309.84192617908855
789.9390230685475,311.9355754979452
792.009717377209,314.10634151022686
794.1967490481445,316.1598488684618
796.38378071908,318.2133562266967
797.820241919399,320.84709486596563
799.256703119718,323.48083350523456
798.7044971903933,326.4295736788712
799.181283629694,329.39144381297547
799.6580700689947,332.35331394707976
801.9808962513156,334.25186037177536
804.49410417932,335.8900868245638
802.4114293154191,338.0493611034075
804.2522269042119,340.41821404039933
806.0930244930046,342.7870669773912
806.6372120714628,345.7372974564304
808.1786975139778,348.31097626904756
808.1986628362597,351.31090983262965
808.8794257478189,354.2326493587075
809.560188659378,357.1543888847853
811.59693281195,359.35704030000386
813.6336769645219,361.5596917152224
813.2974435272251,364.540790015454
816.2732847340029,364.92074937123266
817.074730949299,367.8117152935478
819.332693430322,369.7869634891659
820.7305680464103,372.44138368154233
822.1284426624986,375.09580387391884
822.6890196367193,378.0429641098024
822.8451351907318,381.0388993450496
823.1565066260016,384.02269689671056
823.4678780612714,387.00649444837154
825.4092649422529,389.293636109562
827.83647758861,391.0567693346372
827.7742728726446,394.05612436085727
828.5764477652639,396.94688817716104
829.3786226578833,399.8376519934648
830.5556657341978,402.5971029527138
829.6469290974863,405.45615834306534
831.0219732947908,408.12247667654685
833.6063874443754,409.64589503780763
833.9093163477079,412.63056153166013
834.2122452510404,415.61522802551264
836.4360638863593,417.6288393775884
838.6598825216781,419.6424507296642
839.5981165800337,422.49196241620655
840.5347039206765,425.3420157759435
841.4712912613193,428.1920691356804
840.7927195464279,431.11431834266966
840.4161512769365,434.0905905644955
839.9835866019749,437.05924140317217
839.5510219270134,440.0278922418488
839.5433666584792,443.0278824746435
838.2196846896244,445.72006858361306
839.0500111358494,448.60287242582973
839.3735335385297,451.5853769530625
839.998147815668,454.51963273686783
840.1480098985463,457.5158872914935
840.7360856943111,460.45768382736
841.3241614900758,463.3994803632264
842.7646206871553,466.03103452408817
844.2050798842349,468.6625886849499
842.4616629897168,471.1040017044755
840.7182460951988,473.5454147240011
843.6477122036226,474.19212046821264
844.036555984463,477.16681381612295
844.4253997653034,480.14150716403327
844.8584235617387,483.11009106746616
844.6386142240349,486.10202753989637
845.1131927462915,489.0642522488293
846.7913537462936,491.5509721080157
846.0499655545342,494.45791957040984
845.3085773627748,497.364867032804
845.9679077260087,500.29151758798105
846.3504760531888,497.31601066057544
847.0621092467252,494.40163625122835
847.1794456083477,493.92110485850475
