992.7053970494359,498.8944440851132
993.6596295804875,501.7386382199575
994.486353950803,504.62247712244954
994.1369897630508,507.60206512489486
993.1713848621476,510.44241847885485
992.2057799612445,513.2827718328149
994.0328903214655,515.662197757607
993.3063843340362,518.5729002587619
992.7031555819999,521.5116270362486
993.5938655530146,524.376349666371
994.4845755240292,527.2410722964934
994.9023127480302,530.2118458677512
992.9281151149938,532.4707269415826
991.8625036097761,535.2750935581197
991.3608282504023,538.232849774206
990.8591528910283,541.1906059902923
990.7508510812376,544.1886504726167
992.091709991488,546.8723228413686
992.537910421494,549.8389547997117
992.4102422166377,552.8362370402538
990.5825225519858,555.2151949691471
990.9826626226047,558.1883898709127
990.0403570226912,561.0365577304975
989.8828816775772,564.0324217987892
990.2949956719383,567.0039806583193
989.672477235335,569.9386818008701
989.0499587987317,572.8733829434209
989.0046163479706,575.8730402675429
988.9592738972093,578.872697591665
987.8867080136441,581.6744117857634
988.0930800240324,584.6673051339013
986.5724155578002,587.2533406288509
985.051751091568,589.8393761238004
985.7572287276921,592.7552467150525
985.5985429020617,595.7510469101163
984.2158254871329,598.4133940983043
982.833108072204,601.0757412864922
981.9174866665727,603.9325992531313
983.3799934857257,606.5519644059749
982.8140782588729,609.4981042458359
982.4323608177069,612.4737204501051
981.2556576205427,615.2333163599774
981.0372585235602,618.2253561047731
978.7824166843814,620.2041659188503
979.1000909602996,623.1872990124987
978.5090116314586,626.1284935363302
976.7377030415598,628.5497464928283
976.6730658546877,631.549050084343
976.6084286678155,634.5483536758577
974.5156308527897,636.6978180987835
974.5670135919106,639.6973780355277
973.2166928491765,642.3763020530657
973.3665792940627,645.3725553890905
972.9036072030545,648.3366162594081
970.4749204625602,650.0977183906166
969.2906402212146,652.8540711093299
968.1063599798691,655.6104238280433
966.4665069340925,658.1225707163157
965.9123348885093,661.0709420199162
965.302699535745,664.0083464416225
964.6930641829806,666.9457508633288
964.6107226328305,669.9446206286102
962.9012406672847,672.409914000498
962.5603045126081,675.3904781314025
961.3537022422098,678.1371326348064
961.0867772643127,681.1252342154384
958.5465322207779,682.7212151422658
956.7411311639969,685.1171548377035
956.0513158674362,688.0367703700349
955.3615005708755,690.9563859023663
955.0316278387888,693.9381947461095
954.7017551067023,696.9200035898529
952.1805960203179,698.5459669538747
950.6932535483925,701.1513099967784
950.6507590054567,704.151009017317
950.6082644625211,707.1507080378557
948.5185331852573,709.3031538998521
946.4288019079935,711.4555997618485
944.8703180901584,714.0190209503281
943.008541139328,716.3714211257567
941.6861644410253,719.064248611465
942.0423162641296,722.0430329069285
941.1644419097283,724.9117149419203
938.8000156909587,726.7581950138396
937.9815439814865,729.6443869791797
937.1630722720143,732.5305789445198
935.3424278620649,734.9149559978651
932.7526183919013,736.4291841538083
931.4596724155448,739.1362657377698
930.1667264391882,741.8433473217312
929.2141776660727,744.6881058061788
926.5556141309933,746.0780841980778
926.7754574864342,749.070018171124
926.9953008418751,752.0619521441703
923.9953021435354,752.0591575136076
922.3446177960585,754.5642006639335
920.5467344557071,756.9657867012195
919.7199254034449,759.8496013261732
917.8348935613476,762.1834082921151
915.9282070347223,764.4995573566586
914.0934286329367,766.8730754662042
912.897502775319,769.6243953936357
912.3031508646612,772.5649303460376
909.7427250280156,774.1283303380542
908.6397700684397,776.9182210809233
907.5368151088638,779.7081118237925
907.7453196842221,782.7008573595931
904.7638473777049,782.3679566454583
903.5240364812244,785.099781848682
902.2842255847438,787.8316070519057
901.1254599703509,790.5987829138453
899.3013401283589,792.980502209239
896.8364664759431,794.6905893057422
894.929939307553,797.0068695470321
892.4416428237045,798.6826919148465
890.1568454269953,800.6268371913089
889.59862726245,803.5744451165208
887.3605997843778,805.5722521661113
885.0629183059417,807.5011533620392
884.652066608304,810.4728870113672
882.1584218075684,812.1407406043916
880.9739046197251,814.8969915058343
879.7893874318819,817.653242407277
877.1828154644645,819.1384301323387
876.465187676033,822.0513342428908
875.2717153803762,824.8037193684683
872.2923575217262,825.1550408026285
870.981968114646,827.8537218882353
869.0110030395896,830.1154240509676
867.3837591328254,832.635756820246
864.6817233024549,833.9392146720363
862.5518466107776,836.0519440153857
860.4219699191003,838.1646733587352
858.0248002771547,839.9684410011255
855.627630635209,841.7722086435158
854.9011050595174,844.6829062554065
852.6162618209435,846.6269976563295
850.9864469491216,849.1456686319808
848.8049389364262,851.205043000702
846.6234309237308,853.2644173694231
843.9110654906787,854.5462417558286
841.1601279176643,855.7430468650165
839.1965806873764,858.0111919826023
837.2330334570885,860.2793371001882
835.4223472119968,862.6712851184018
832.6506764644671,863.819257795467
831.3006689656502,866.4983396816993
828.8410030997313,868.2159088442176
827.7320346606309,871.0034147188444
825.201822609435,872.6152543436157
822.5731392126315,874.0609457350855
820.7007757142766,876.404928441939
817.8950683972837,877.4670049228821
816.448948176562,880.0954524318158
815.0028279558403,882.7238999407496
812.2595240632229,883.9381008107667
809.5162201706055,885.1523016807839
806.9792361422053,886.7534612729678
805.1857486407174,889.1583318686562
802.3569683793672,890.1573324857709
799.528188118017,891.1563331028855
797.6316603750872,893.480807779086
797.1611582346213,896.4436826896783
794.5193718130226,897.8652890003906
791.9039495168331,899.3348352611781
789.0046845994736,900.1057197784493
788.0514059223624,902.950233755171
785.0789168117865,903.3555835886579
783.128590758868,905.6351072861235
780.2180479591653,906.3622528087662
777.5868602058399,907.8033811884569
774.8410305029867,909.0118592573224
773.3034446100744,911.5878696652821
770.4018490057318,912.3499345895897
768.515350282813,914.6825559837351
766.6288515598941,917.0151773778806
763.8069098675959,918.0333350696303
760.9849681752977,919.0514927613801
757.9981669478456,919.3325949273094
756.1061342310917,921.6607298458081
754.2141015143378,923.9888647643069
751.3029102888165,924.7134098964054
750.2208177125567,927.5114584407312
747.2346914873636,927.2232741815943
744.8832245124697,929.0862296469728
742.5317575375758,930.9491851123512
739.9081734193297,932.4041099813692
737.2845893010837,933.8590348503872
734.8241580893853,935.5755074695979
732.1530804607949,936.9412835500898
729.2343231464679,937.6347211753043
726.3155658321409,938.3281588005188
724.1524001088579,940.4067915371065
721.989234385575,942.4854242736942
719.0772779761375,943.2068879730832
716.5364736962999,944.8019784443604
713.5758848677473,945.2866575013139
710.6152960391946,945.7713365582674
707.7162022089059,946.5428642396772
705.5060256455757,948.5714399860831
703.402169370191,950.7100817916513
700.708742938434,952.0312381248356
697.9621292177471,953.2379332268949
695.0311583044397,953.8777843856388
692.1001873911323,954.5176355443828
689.2235737808601,955.3691601401501
687.1618926458756,957.5484882241359
684.4985303220305,958.9292492939531
681.8351679981856,960.3100103637705
678.9628623798545,961.17595518586
676.0905567615234,962.0419000079494
673.0941112037721,961.8959067908736
670.3166618339387,963.0298269811923
667.777513514439,964.6275521802118
665.2383651949393,966.2252773792312
662.411957714619,965.2195832133989
660.0398838750291,967.0562284430317
657.4667792509201,968.5986721513689
654.8936746268112,970.141115859706
651.9253704497743,969.7061787233458
649.6524596089264,971.6642074027977
646.6710606611908,971.997764466044
643.8448912692592,973.0041275059599
641.0187218773275,974.0104905458758
638.1925524853958,975.0168535857915
635.3625122169198,976.0122791625195
632.5324719484437,977.0077047392474
629.5425042114181,977.2528433358533
626.569967597473,977.657844667649
623.5974309835279,978.0628459994447
620.6046634689278,978.2710348645514
618.0692580854201,979.8746930392507
615.5736956013989,981.5396758885155
612.763597200824,980.4892726425727
609.9534854510912,981.539640175398
607.1433737013583,982.5900077082232
604.4377599569082,983.8860224711957
601.5127605403927,983.2194053296636
598.8522743781142,984.6057001685506
595.9001495968547,984.0718843989507
592.900338973976,984.1055923633461
589.9005283510973,984.1393003277415
587.3956630281108,985.79025451054
584.8907977051243,987.4412086933385
582.0138997274963,986.5906453351342
579.0155937665584,986.4898417409324
576.0172878056204,986.3890381467306
573.2293518815349,987.4969250016004
571.1309084147489,989.6408781299833
568.2044886331582,988.9805242385625
565.2050083189415,989.0363619017155
562.2055280047248,989.0921995648686
560.4291970173614,991.5097702925481
557.6311195265275,990.4277525684377
554.6358937591466,990.5969347259404
551.6406679917657,990.7661168834433
548.6616881212935,991.1206291276915
545.7157613769775,991.687652599096
542.7178988847069,991.574425051932
539.7776604310671,992.1702420001118
536.848825473416,991.5206838496431
534.164633668606,992.8605026265643
531.480441863796,994.2003214034855
528.5765429624523,994.953561850338
525.5775164881067,994.8771406086993
522.578490013761,994.8007193670605
519.8402772404706,993.5750804283067
516.9051366519444,994.1955235970063
513.9345132188214,993.776720040932
510.96088915272685,993.3797818674801
507.9872650866323,992.9828436940282
504.9958842382863,992.7555979676686
502.0045033899403,992.5283522413088
500.05815426902575,994.8112725420453
497.28113096690595,993.6763092917665
494.3134555360207,993.2371025785665
491.3457801051354,992.7978958653664
488.86686703920077,994.4875674345001
486.1218429723424,993.277260501376
483.3768189054841,992.0669535682517
480.39313233497137,992.3793866794008
478.2058136244194,994.4325882911451
475.20722596037706,994.3405447087894
472.32680422653755,993.5019920060778
469.55747171876493,992.3483900550592
466.78813921099226,991.1947881040408
463.7900918232509,991.3030094552486
460.90604228982147,992.1289987340685
458.021992756392,992.9549880128884
455.26309889413056,991.7766397380664
452.27413244674017,991.5195802578397
449.2851659993498,991.262520777613
446.59703650687857,989.9306199435767
443.7831764310979,990.9709042671766
441.00157131839563,989.8472170344518
438.1401006256292,990.7483194006893
435.1458047852753,990.5634074745213
432.2127419672891,989.9332150390328
429.2796791493029,989.3030226035443
426.4196913622541,988.3972246912417
423.4410787013447,988.754809109624
420.9692953113226,987.0547247373617
418.156208544172,986.0123510805176
415.1744666308328,985.6818739069697
412.2147426716851,986.171806642809
409.22776684232866,986.4510473899079
406.6805628746874,984.8661966249359
403.93661429448844,983.6534533754292
401.08453511472936,984.5838534788173
398.3299361115784,983.3954998564307
395.5753371084274,982.207146234044
392.6622229473005,982.9239208738312
390.32892492805297,981.0382590925524
387.3546759049609,980.6460311631082
384.3647801407997,980.4000162866249
381.37488437663853,980.1540014101417
378.4410282534752,979.5275125845615
375.4726398486961,979.0931506636098
373.12794771692217,977.2216756284577
370.78325558514825,975.3502005933055
367.78832529400654,975.1758659977668
365.0174863253644,974.0258871241111
362.2466473567223,972.8759082504555
359.2623695302647,973.1826424261088
356.76499922756705,971.5203724206032
353.7916937292311,971.121054986016
350.81838823089515,970.7217375514289
347.8183882867157,970.7223162769608
345.50996359502585,968.8062851073822
342.64640862632524,967.9118283218246
339.7828536576246,967.0173715362669
336.8262836913263,967.5259912708257
334.1408437449214,966.1886759399283
331.4651745084479,964.8319172521032
328.59808074715926,963.9488694821723
325.694659739285,963.1937890553075
322.8771476136709,962.1634369688743
320.0596354880568,961.133084882441
317.2672937555014,960.0363498877274
315.1659700476211,957.8952196547195
312.3543638005806,956.8488591472449
309.54275755354007,955.8024986397702
306.715000958214,954.8006041155862
303.8872443628879,953.7987095914023
300.9064388119487,953.4598906611607
298.18450553202405,952.1985107740376
296.1747619135228,949.9711961155546
294.1650182950215,947.7438814570716
291.1659931572054,947.8203551306261
288.17408458837673,947.6001663121775
286.4295817047462,945.1595291640122
284.25507944678054,943.0927587534193
281.53842290805306,941.8200540545243
278.82176636932564,940.5473493556293
275.97560903612975,939.5989884355703
273.12945170293386,938.6506275155112
270.26086983569166,939.5288291272892
269.00761122888446,936.8031470356901
266.43902181922044,935.2531959253122
263.5667923464326,934.386998571559
261.0010778276129,932.8322931306739
258.1610110568781,931.8658456474819
255.4488413737652,930.583607132227
252.56511417373633,929.7564932127373
250.44532794308188,927.6336398649227
248.1520764522064,925.6994739983028
245.8588249613309,923.7653081316829
242.977986962865,922.9281866192398
240.27092368892352,921.6352023073175
239.11908426927042,918.8651362519078
236.11910930274829,918.8528806311317
234.43803929664986,916.3681263908503
231.90259103872327,914.7645360031961
229.36714278079668,913.1609456155419
227.49306968708598,910.8183295481016
224.86140428662392,909.3780735916789
222.22973888616187,907.9378176352562
219.4881182224894,906.7198208632884
217.00725545356238,905.0330132507398
214.52639268463537,903.3462056381912
211.7148472692673,902.2996816884784
209.67082044600727,900.1037868035183
207.62679362274724,897.9078919185583
205.22908990934872,896.104834264806
202.83138619595016,894.3017766110537
199.99032697180718,893.3382505424328
198.8865016831584,890.5487040323097
196.545540882314,888.672563704693
194.18929287867977,886.8156589291674
191.83304487504557,884.9587541536417
190.0558927998042,882.5417869421419
187.1514139376312,881.7907859173822
185.46702729540462,879.3082787896002
182.8971888177065,877.760399531214
180.3273503400084,876.2125202728278
177.93889413400655,874.3972305020167
175.5504379280047,872.5819407312056
173.39076634174813,870.4996778660716
171.2310947554916,868.4174150009376
168.43079986906423,867.3411489794314
167.01074892320693,864.6985261703325
164.34385953053666,863.3245898664003
162.8836824406538,860.7039252815705
161.423505350771,858.0832606967407
158.49755786784857,857.4208172446786
156.33151895430976,855.3451786862981
154.41346320713177,853.0384359284863
152.49540745995378,850.7316931706744
150.78281784701124,848.2685576044415
148.26296211621374,846.6405750812039
145.74310638541624,845.0125925579663
144.56292160144065,842.2544838081755
143.28111654782427,839.542109238813
140.28418234008782,839.4065166339293
139.56423415738473,836.4941851599685
137.6874032028084,834.1537780227499
135.27864816636907,832.3655109357553
132.86989312992975,830.5772438487606
131.79601456113343,827.7760325358676
129.06751224149758,826.5289258476721
127.87584401614185,823.7757591544482
126.425443585306,821.1496710770542
124.06727027285494,819.2952119568675
121.66453904761669,817.4988593580538
118.96509754918523,816.1900371407354
116.26565605075378,814.881214923417
116.96437231664372,811.9637167520756
115.37834089693987,809.4172477584076
113.79230947723603,806.8707787647396
111.50197164837948,804.9331635734004
109.21163381952294,802.9955483820611
106.94565312153956,801.029503754804
106.04394417545113,798.1682241500564
103.88752657558108,796.0825915997325
101.73110897571102,793.9969590494086
101.46735772104067,791.0085756610764
98.61056731338921,790.0927434893601
97.59571676897109,787.2696107662148
96.58086622455296,784.4464780430694
94.81449169906759,782.0216231946886
92.02598294042284,780.9151789335704
91.10969965233573,778.0585331844492
88.86709243165365,776.0658684224421
87.66097207249157,773.319002266399
86.39366536408355,770.599823400119
85.12635865567553,767.880644533839
83.44766459746526,765.3942844917434
82.05007487719405,762.7397142866457
80.28930480961056,760.3107867930589
78.52853474202708,757.8818592994721
77.88417496320906,754.9518762832344
74.90960724859056,754.5620726004025
74.45234747838339,751.5971251299488
73.99508770817623,748.6321776594951
72.80781851057594,745.8771110809113
70.62052453187692,743.8238831221237
69.71813498065971,740.9628180935279
67.85976785653831,738.6077232691132
66.00140073241693,736.2526284446985
64.36436399801471,733.7386454037419
63.837518226330104,730.7852687713331
62.06574109567958,728.3643586533601
60.29396396502903,725.9434485353872
61.38869765668901,723.1503215879778
59.28645792589856,721.0100907326059
57.212891178217674,718.8420683750385
57.140489773874585,715.8429421628479
55.615772971957675,713.2592938365557
53.15227085274774,711.5472315396026
51.61735380324824,708.9696300088855
50.83237708187161,706.0741487799881
49.56524920101243,703.3548865760899
47.59255841755019,701.0946894446779
46.05539830388485,698.5184249425438
47.50559573005636,695.8922247549866
45.321753880210764,693.8353254441639
43.137912030365165,691.7784261333412
41.699576470270614,689.1457106499348
41.92228029739079,686.1539882354408
42.03260256682183,683.1560174222294
40.49690576524772,680.5788803801544
39.831774120348314,677.6535428107526
39.1666424754489,674.7282052413508
37.897789355556554,672.0097476345194
35.96075541981573,669.7189181926385
34.305755728969785,667.2167239509179
32.65075603812383,664.7145297091972
34.04849713599035,662.0600392075501
31.535639061611544,660.4212761685388
30.960417826546745,657.4769391411708
30.385196591481947,654.5326021138027
30.352151832355176,651.5327841120076
29.558274967613492,648.6397304444051
28.26251955664076,645.9339924831578
27.305067120101242,643.0908806612689
25.445788254970928,640.7365055633544
24.523775959061183,637.8817037617943
23.60176366315145,635.0269019602341
22.804689745515383,632.1347274893863
23.544979755642373,629.2275001675371
22.369958366343315,626.4671877332844
21.194936977044243,623.7068752990317
20.071391682580543,620.9252128516293
19.272961079695804,618.0334126212578
18.474530476811065,615.1416123908862
18.674036573681796,612.1482535221049
18.873542670552528,609.1548946533237
18.015533352056494,606.2802085818763
17.312908004347683,603.3636493726784
16.610282656638876,600.4470901634805
14.690485359652168,598.1417966163411
16.383634024746822,595.6652571763386
15.700602786462845,592.7440470970173
14.145266160955014,590.17871515332
13.669996574793094,587.2166012425345
13.194726988631178,584.2544873317489
12.495694765378335,581.337064847628
13.040451800598811,578.3869394651098
13.585208835819298,575.4368140825917
12.030985123608431,572.8708077200896
10.476761411397575,570.3048013575875
10.104273300061665,567.3280157410351
9.847088364628663,564.3390600857958
10.28160070982555,561.3706936963703
9.663471191331293,558.435064990562
9.045341672837047,555.4994362847536
10.13325052516658,552.703644030486
7.757040190096568,550.8723536538645
8.80959236153326,548.0630594495484
8.334852527432433,545.1008605889184
7.806823772221634,542.1476952305833
7.278795017010832,539.1945298722482
7.448573426786549,536.1993378430831
7.618351836562266,533.204145813918
6.505151141506406,530.4183274040917
7.907854611865073,527.7664558057212
7.243628821762449,524.8409124203374
5.910685482780337,522.153299714782
6.5311130133108986,519.218155820633
6.448646740618625,516.2192894825198
6.064616387923767,513.2439708965178
5.68058603522891,510.2686523105158
5.862406785048208,507.2741671769853
5.749057950401504,504.2763092681304
5.489107420402098,501.2875928677416
4.881747109102781,498.34971719776195
4.2743867978034675,495.4118415277823
5.720357431176229,492.7833117243706
7.166328064548991,490.1547819209589
7.55889887467133,487.1805781352307
6.862031863489841,484.2626377025407
7.081705434943946,481.27069125883474
7.894462877147163,478.3828849391271
7.164503009931687,475.47304669753106
6.434543142716212,472.563208455935
6.609751412145175,469.5683291491309
7.584274128992669,466.731023125039
8.140046759352746,463.78295311512693
8.695819389712826,460.8348831052149
6.728957658641701,458.5696116135725
8.080888600793687,455.8914998295627
9.710412957968586,453.3726408876261
9.278961592965413,450.40382804077353
8.847510227962237,447.43501519392095
8.415774481010914,444.46624368961074
9.199274695849162,441.57036257786797
9.982774910687413,438.6744814661252
9.478665697200654,435.71713909486044
9.305208426935224,432.7221578636351
9.821342403252812,429.7668904106809
11.22551569059397,427.1157967912254
12.620038932885642,424.45961439411707
12.58967570544964,421.4597680523156
12.55931247801364,418.45992171051415
14.103746249826806,415.888011073559
14.370525706082512,412.8998964971547
14.637305162338219,409.9117819207504
15.760542782786159,407.12999522008295
16.667515521115035,404.2703797823137
17.51486420733879,401.3925333298505
18.362212893562546,398.5146868773873
18.801424320278667,395.5470121440916
19.246536432543458,392.58021669992706
18.94311691336967,389.595600041898
18.802223074986763,386.59891038057077
18.661329236603855,383.6022207192435
21.452872757659385,382.503455607833
21.894298242752313,379.53610939596115
20.371112311898962,376.95155825116825
21.864657298224145,374.3497659124481
23.57390862184364,371.8843126249764
23.882785366624134,368.90025579633965
24.19166211140463,365.9161989677029
25.45473442177931,363.1950506184274
25.30553049185283,360.1987632177773
26.552189200093455,357.4700561860189
27.79884790833408,354.7413491542605
28.988931709398468,351.98749720717905
30.179015510462868,349.2336452600976
30.10473827721933,346.23456491895604
30.681697249783376,343.29056791760263
33.16037715344577,341.60055432736726
34.26027423599058,338.8094566207634
35.36017131853538,336.01835891415953
34.42847102473008,333.166704208112
35.129453820329914,330.2497497826413
35.83043661592975,327.3327953571706
37.88728411183103,325.14890470546555
38.3488512554439,322.1846247301702
40.48869543977226,320.08199141292346
40.82338884467941,317.1007198176622
41.24954170210606,314.131141776575
41.94305308109273,311.2124019856351
44.099317134210324,309.1266106889726
46.25558118732792,307.04081939231014
46.746995403372985,304.08134104836694
47.18078897388028,301.1128695328919
47.61458254438759,298.1443980174169
49.90173402021724,296.2030226990897
52.188885496046886,294.2616473807624
53.22279010953008,291.4454369393681
52.18801605687685,288.6295458441807
54.69160645400104,286.9766589383618
56.545929117939906,284.61837832359123
56.87292498665817,281.63625262170655
57.19992085537643,278.65412691982186
59.126354481469946,276.3543761758811
61.05278810756345,274.0546254319403
63.24842256328741,272.0103188656842
63.69416094655562,269.04361744934965
64.50148457737453,266.1542873271377
65.98206420331036,263.5450951204837
67.2442888888163,260.8235534905799
69.1589873394242,258.51402326924926
71.0736857900321,256.2044930479186
72.81987818694347,253.7650644031395
73.57683702688917,250.86213255505416
73.62786537288808,247.86256656846467
75.42589890818435,245.4610929779478
77.96927274495008,243.87010286909873
78.96208517749837,241.03914482034958
79.95489761004666,238.20818677160042
82.57648680083516,236.74967036279972
84.35250927699565,234.33187298415677
85.12987531978348,231.43433919910433
85.90724136257131,228.53680541405188
88.90709694831828,228.50736964223034
88.5493568240812,225.52877567804006
91.036904185212,223.85184153319977
91.47308582371512,220.88371997601368
93.12220599562625,218.37764682093703
95.88948415060649,217.2191255164419
96.58400894393549,214.30062670516043
98.64740197282502,212.122919376723
99.80070958527797,209.35346427669734
100.95401719773092,206.58400917667169
103.73352430283371,205.45514237643212
105.31270182918108,202.90441731475272
106.89187935552845,200.35369225307332
107.38525337190913,197.3945399960983
109.5365710761129,195.3036473313306
111.13731365256356,192.76640016088425
113.49817011069217,190.91535808029494
115.2324180831977,188.46742344680072
116.96666605570323,186.0194888133065
119.11279487353121,183.92327052856413
122.10819404688377,183.75718683797749
123.64898683733989,181.1830932932751
126.1310104680415,179.49799427641028
127.70553452691257,176.94439407511874
128.33311690106507,174.0107716788903
130.7712868970277,172.2628222886654
133.4480722328416,170.90826691291605
134.98500715469012,168.3318680606413
136.5219420765386,165.75546920836658
138.36758896092965,163.39039255461142
140.64909446019615,161.44238519917957
142.26598272892215,158.9153964128063
143.86547702687974,156.37736213589017
146.26646694674517,154.57868278572664
148.6674568666106,152.78000343556312
150.64346978856656,150.52271015992014
152.61948271052253,148.26541688427716
154.22909896907336,145.73378983824355
155.83871522762416,143.20216279220995
158.53063540313727,141.87794008863418
160.57177921555825,139.67936510992283
162.61292302797924,137.48079013121148
165.60831978614578,137.31466288731315
167.47211645822915,134.96386260546635
169.33591313031252,132.61306232361954
170.72786813309185,129.955533157225
173.646920554843,129.26333884991766
175.97838558451247,127.37541119891289
177.3601127008946,124.71254992279384
178.7418398172767,122.0496886466748
181.3955690357926,120.65050272807962
184.0311885543019,119.2174954867676
186.3262734441534,117.28550548980193
188.8082027961381,115.60026761586339
190.97411087416756,113.52449253230384
193.3496402424867,111.69231889963325
196.16205197209018,110.6481253049447
198.31764329372166,108.56163877153332
201.11827412567695,107.48624724139117
203.53138366658294,105.70386054272322
206.22144634358483,104.37586852700873
208.91150902058672,103.04787651129425
209.6053734070893,100.12922061976757
212.01182750982898,98.33785838632416
214.41828161256865,96.54649615288074
217.2815187480477,95.65102247598467
219.4908532612622,93.62152968005778
221.56427898276723,91.45337244927369
223.78741569777299,89.43900824526453
226.3523826454853,87.88306976410813
228.91734959319763,86.32713128295173
230.8030890791906,83.99389606314062
233.79906770338906,84.14917672306328
236.22765733865083,82.38794068450994
238.6562469739126,80.62670464595661
241.08483660917437,78.86546860740327
243.25513772954682,76.79428704923168
246.11346823111094,75.88327291990754
248.97179873267507,74.9722587905834
251.71536688973538,73.75865516189539
254.47253120686955,72.57626566248244
256.74735702801377,70.62046212340816
258.2329859822853,68.01414161160803
261.2026568692501,67.58863623783031
263.998278570766,66.50028918747665
266.48715779872293,64.82533241530479
268.4632509827034,62.56810940279008
271.3465853564555,61.73962712226747
273.9775963857857,60.29817612984954
276.6544502818542,58.943756246983504
279.61907814114494,58.48442885185294
282.58370600043565,58.02510145672237
284.944408862734,56.1738634936457
287.30511172503236,54.322625530569034
289.9026246824098,52.821650368797116
292.3226196537467,51.04862348273356
295.3109594747696,51.31286790384536
295.77369973008126,48.34877083119167
298.6982785069891,49.01723098532222
301.6228572838969,49.68569113945277
303.3832020220116,47.25645537423936
305.9076339596121,45.635578021561926
308.43206589721257,44.014700668884494
311.4303961921084,43.91462348512202
314.4287264870042,43.814546301359556
316.46336794038785,41.60995242579587
319.43927217495246,41.230487029876215
322.4151764095171,40.85102163395656
324.46047183671925,38.65630830063351
326.751033638063,36.71895788467235
328.7366803902622,34.47013441995114
331.58160823116236,35.42217726566301
334.4265360720625,36.37422011137487
336.8385958825853,34.59041309533844
339.2506556931081,32.806606079302014
342.22438125763614,32.410429014250944
344.84423121956075,30.94879083159301
347.7623155716755,30.252526719389078
350.76231483181573,30.25463365034038
353.26210889435725,28.596010834603717
356.2617675313632,28.55075532183781
358.5405499570811,26.599563210271356
360.819332382799,24.648371098704907
363.6715027843529,23.718250676125137
366.52367318590683,22.788130253545365
369.45386527042126,23.43153863696064
372.14695143517514,22.10968883111611
374.9047608000908,20.928804625622867
377.73425118354504,19.931817078087864
380.47009676871625,21.162730939452317
383.00057085567795,19.551302723485044
385.8050160985715,18.485898162010017
388.6094613414651,17.420493600534986
391.560177205058,17.962043129517642
394.5108930686509,18.503592658500306
397.2457774236844,17.27054457971632
399.7424708854845,15.607258146835774
402.57805870387983,16.586769108575485
405.51625704181515,15.9809716779485
408.45445537975047,15.375174247321509
410.40699634178026,13.097547457964705
413.21102968531454,14.164035624025583
416.0357250391744,13.153542596893466
418.86042039303425,12.143049569761345
421.8477345688538,11.867452009997896
424.5825587437523,10.63427046116139
427.3173829186508,9.401088912324878
429.7109892601347,11.209582396418236
432.4146891320861,9.90957970318641
435.168051365831,8.718363345933321
437.9227437755,9.906500428980536
440.87239312933065,10.453829114001172
443.8543910876591,10.125670346748597
446.7198593714648,9.237362115049923
449.65906219408294,8.636457157911542
452.64607027894226,8.35756165600245
455.6330783638016,8.078666154093357
458.63270466136555,8.031315600108346
461.6323309589295,7.983965046123334
464.6096450024048,7.61572451803785
467.57394912802647,7.154312499530959
470.5382532536481,6.692900481024063
473.23840841303013,8.000249751595183
474.5797830930735,5.316835141860323
477.55112033403395,5.730543977252536
480.5466754815057,5.89379028947914
483.54223062897745,6.057036601705745
486.48670240039263,6.631567703856952
489.40584947729417,5.939772688395628
492.3234767440441,5.241595681958718
495.24110401079406,4.543418675521809
497.83896648155917,6.043788824181888
500.69388452298784,5.122136516245205
503.6494160247388,5.63675631974856
506.60494752648975,6.151376123251918
509.5611975752517,5.640900218634564
512.52863138644,5.200063994831854
514.9259241913245,7.003667944608175
517.9201247591028,6.817219667822884
520.9143253268811,6.630771391037591
523.9101759422325,6.473040320862236
526.8143533677568,7.22520618094589
529.6694855318627,6.3042174049623
532.5246176959687,5.383228628978705
533.6369574342879,8.169390919039351
536.5842037771303,7.609266830464476
539.4458562035477,8.509791894179774
542.3479706053419,9.269878730599572
544.5562805395746,7.239271128336313
547.5347830744607,7.597771685765405
550.5132856093469,7.9562722431945
553.0417738295281,9.570814692436647
556.0332231263384,9.797157584114496
558.966816129345,9.169437827606306
561.3293773705888,11.018303528887138
564.1629892781472,10.033091086140319
566.881702544433,11.30139632373939
569.8533056715169,10.889601647832642
572.8249087986007,10.477806971925895
575.5322164091983,11.770279602816244
578.2395240197959,13.062752233706599
581.2325638760054,12.858516049005573
584.1668529705057,12.234058276296617
587.0760842332346,12.96643349431068
589.8771499555361,14.040691759043954
592.6782156778376,15.114950023777228
595.6495749714693,15.528500441681278
598.568204160293,16.222477140242816
601.4868333491168,16.91645383880436
603.9245653343528,18.665014037412732
606.8959407690428,19.07844846524963
609.8942591488485,18.978014938380554
612.8813640654417,18.70015846956188
615.868468982035,18.42230200074321
618.7588118270793,19.225992387709088
620.6566045413666,21.54943440626644
623.395524074674,22.773493142629878
626.3497437709415,22.25139546385199
629.0264050212204,23.606196021592986
631.7030662714993,24.960996579333983
634.6933718841073,25.20197861850974
637.6472262252568,25.726139406123966
639.8672624733194,27.743920131893653
642.8552566214407,27.47579521549639
645.6733002752915,28.50469266665066
648.4913439291422,29.533590117804938
651.3313574427142,30.50019409189599
653.848748256055,32.13198558988427
656.8434757542695,31.954201418941196
659.838203252484,31.776417247998122
661.9360090253126,33.92099434838111
664.66381751809,35.16961792125306
667.3916260108674,36.418241494125006
670.2307631917311,37.38741643614398
673.2194968210321,37.647168804920774
676.2082304503331,37.90692117369757
679.1662828229856,38.40684732888913
681.6196072469744,40.13346230353181
684.0729316709632,41.860077278174494
687.0141800854931,42.45088838506529
689.6143320986656,43.947287231761905
692.2144841118381,45.443686078458526
695.1876914765279,45.84373353383713
698.1033435970928,46.550113539107215
700.5842838807936,48.236807141606064
703.0652241644945,49.9235007441049
705.2936148038431,51.93205125590776
708.2934514773244,51.96335512844782
711.2932881508058,51.99465900098789
713.5998668132037,53.91291207974755
715.7042569770047,56.051028549563334
718.6736467015348,56.47849160510649
721.1308224956622,58.19962120997501
722.5387873570393,60.84870311681132
725.4046431083503,61.7357605065427
728.2704988596614,62.622817896274064
731.2695309435968,62.69901868056073
733.8549866777776,64.22066865561801
736.4404424119583,65.7423186306753
739.1157416275386,67.09980679162386
741.7910408431188,68.45729495257243
744.0883433744497,70.38664745523775
746.8804702967583,71.48392921017553
748.4786411581629,74.02279704796409
751.469796458962,74.25299254422949
754.3587177813372,75.06177780196239
757.2476391037123,75.8705630596953
759.242777366049,78.11097001249655
761.0059752105766,80.53813571781077
762.7691730551041,82.965301423125
765.683176675352,83.67845140817882
768.1182484897122,85.43071430480946
770.3768195435413,87.40526660718217
772.6353905973704,89.37981890955487
775.3622440316411,90.63052684828628
778.0890974659119,91.88123478701769
779.7444822332534,94.38317428909477
782.729561071808,94.68201258586026
784.4216660119084,97.15926527214155
786.1137709520088,99.63651795842286
788.8658049012208,100.8307998105769
791.6178388504328,102.02508166273095
794.2630819702442,103.44024555327167
796.9083250900557,104.85540944381238
799.0868834865465,106.91790388333919
801.5272881900885,108.66273192155107
803.9676928936304,110.40755995976295
806.6713822864481,111.70758444690364
809.2923603188335,113.16719883219615
809.6388019074645,116.14712806385029
812.3901819779917,117.34291554810746
815.1415620485188,118.53870303236462
815.0816488094365,121.53810470666279
818.0653642025585,121.22594696953783
820.9062390599216,122.19001649234298
822.428916786027,124.77486707650112
823.9515945121323,127.35971766065929
826.692213197141,128.57996731682857
829.0072430739347,130.48801256512664
831.3222729507283,132.3960578134247
833.479796385753,134.48054639034692
835.3711766030113,136.80921143147324
837.2625568202697,139.13787647259957
839.5608867017165,141.06600503575308
841.8592165831634,142.99413359890656
844.2618361564722,144.79063552931285
846.4553802958543,146.8371848467207
848.8217776068701,148.68113814504943
849.6443853699228,151.56615399737424
852.3692300056474,152.82123236590851
854.584948503832,154.84375345029858
856.8006670020167,156.86627453468864
857.7546914487472,159.71053847374924
860.281316807284,161.327994592968
861.2488777639887,164.167682215764
863.9298864840902,165.51385911451845
866.1946786594974,167.4812727472389
868.2030246291079,169.70984773281816
869.034518843805,172.59231496956608
871.1563938844355,174.71308047097105
873.4734445973709,176.61867119137395
875.9241500566308,178.34900143498456
877.9444748692146,180.56672270954954
879.9647996817984,182.78444398411452
881.8275187402902,185.13609823360173
883.6781020546941,187.4973143178367
885.0602265815809,190.15996934471835
886.4423511084676,192.8226243716
888.148712727579,195.2900785302063
889.8550743466903,197.7575326888126
891.93343702705,199.92095788254784
894.0117997074096,202.0843830762831
893.7141017538157,205.069575855389
896.7085236101802,205.25243576386052
898.7074664080009,207.4894488820699
899.1699954163263,210.45357892585298
901.5734300086659,212.24899034398112
902.3262697852548,215.15299314542358
903.9613243143561,217.66826583180674
905.5963788434575,220.1835385181899
908.2824315095186,221.5196227502449
909.4432221883676,224.28594973740627
910.6040128672166,227.05227672456763
913.0191771402701,228.83187823450345
915.4343414133236,230.61147974443927
914.7767267132848,233.5385162844047
916.3331051418311,236.1032163033457
918.1611485820537,238.48192544501458
920.8611831855416,239.78952367840583
920.798778800507,242.78887455696747
922.9438844403718,244.886139870136
925.0889900802367,246.9834051833045
926.8771397803845,249.39224736366037
926.4722392644599,252.36479771179646
928.9572260662353,254.04552392239768
929.2475101154274,257.0314467564282
930.9035638312025,259.53294352645753
932.5596175469777,262.0344402964869
934.3249802266223,264.46003189634826
936.0903429062669,266.8856234962097
936.8941165545849,269.7759431882627
937.6978902029031,272.66626288031574
938.8413795762597,275.4397862807976
940.521119749626,277.9254397059515
942.2008599229923,280.41109313110536
943.0972915513373,283.2740304925757
944.5616432973175,285.8923646889771
946.0259950432976,288.5106988853785
946.3442101334144,291.4937743380652
948.4381192505965,293.64215619634405
948.2605262820098,296.6368950392999
951.2047369861459,297.2127624977049
951.9061608037956,300.1296109044675
952.6075846214454,303.0464593112301
954.7740135102092,305.1216908332367
956.1508177940289,307.7871007386839
957.1471195657239,310.6168326658666
958.1254921447318,313.4528134656333
959.1038647237395,316.28879426540004
960.0732919022768,319.1278453296666
961.042719080814,321.9668963939332
963.4686702752638,323.7317648882261
962.4366759576084,326.5486759142131
964.239319256778,328.94669116353055
964.8600024074082,331.8817810133518
965.4806855580383,334.8168708631731
966.9793339791934,337.4157269403289
966.734982953539,340.4057591435437
969.0114950182357,342.35959967421417
969.5537038782825,345.3101944535911
970.0959127383294,348.2607892329681
971.4145602736753,350.9554448097582
971.3278004969918,353.95419000419366
971.814401880459,356.9144634871016
973.8373511726751,359.12979103875676
974.9495869332786,361.91599483834403
974.866304802847,364.91483862999957
975.1706887173085,367.8993570890842
976.1377160747664,370.73922646810996
977.1047434322244,373.5790958471357
978.5471665200706,376.2095740613865
979.0915825616489,379.1597623898958
981.617639098436,380.77810672067193
979.9752536445403,383.2885987084767
981.1283901734417,386.05812504807216
982.2815267023432,388.82765138766763
982.3148279497727,391.82746655312695
981.907277888177,394.7996547953642
983.4353133006124,397.3813417977607
984.9633487130479,399.9630288001572
985.3026041440297,402.94378470303644
984.9680814839329,405.9250754620671
984.6335588238361,408.9063662210978
985.1155830528754,411.86738845043334
986.6300524767922,414.45705683924706
988.144521900709,417.0467252280608
988.2619877947277,420.04442463990017
989.4902704211516,422.78145255163673
989.4072022942495,425.78030227883096
988.5007519776802,428.64008335849275
989.0547854901672,431.58848069722467
988.7795549149172,434.5758287068224
989.2046529775974,437.54555792631453
990.6411708152864,440.1792656743385
992.0776886529753,442.8129734223625
991.118242540979,445.65541307135686
990.1587964289828,448.49785272035126
990.5637801649766,451.4703917316311
990.502531138148,454.4697664259153
991.4470881863358,457.3171884147885
992.2826986636154,460.1984650641682
993.1183091408949,463.0797417135479
992.9453704134054,466.0747529316461
992.7724316859159,469.06976414974434
991.9512413931376,471.9551837904633
991.7205953372393,474.9463043826325
991.9035349814569,477.9407213687207
993.5866261244549,480.4241070021577
995.269717267453,482.90749263559474
993.5882564780517,485.39198244513426
993.6149158158364,488.39186398941376
993.6415751536211,491.39174553369327
994.8225858022844,494.1495007526611
994.7628284655057,497.1489055370643
992.7053970494359,498.8944440851132
