931.0358726272424,503.3065683230346
932.0197660009538,506.14063851079754
931.4370089212077,509.08349327887663
930.8542518414615,512.0263480469557
932.1071306698727,514.7522047272158
929.1167792419662,514.9926175754954
926.3169419499735,516.0700734392627
923.5171046579808,517.1475293030301
924.4214347165965,520.0079815653627
922.5148829280992,522.3242415416557
922.0360263803545,525.2857776982275
923.8913400135564,527.6432787740397
925.7466536467582,530.0007798498518
927.1307260362302,532.6624228801437
925.4898829787777,535.1739232406474
925.5430012256614,538.1734529457591
925.0402741710545,541.1310305877773
926.9184964778694,543.4703212850151
926.753525569064,546.4657819506302
925.2706472493688,549.0736684299422
923.1970036734019,551.2416173038439
923.9400581980213,554.1481392757964
926.9325872438422,554.3597282876048
928.331424403188,557.0136413610933
927.2932807779623,559.8282919279317
926.3811689025853,562.6862723209358
927.5672722477477,565.4418410198788
925.7891908328056,567.8581246294407
924.0111094178635,570.2744082390026
922.6323093860883,572.9387863038381
921.104599949659,575.5206662154229
919.5768905132298,578.1025461270077
917.8500160163383,580.555687882387
916.7177063481831,583.3337942186172
917.6054528671817,586.1994365755777
917.5648828048747,589.1991622413752
917.9583700166509,592.1732449258628
918.351857228427,595.1473276103504
917.1460329618186,597.8943237585199
915.9402086952101,600.6413199066894
917.6540163589507,603.103608129401
918.7586826244768,605.8928217178177
918.2647171613443,608.8518753032116
917.2618574297956,611.6792897331879
916.2589976982468,614.5067041631643
914.6143405541893,617.0157085231646
912.9696834101318,619.5247128831649
911.3250262660744,622.0337172431653
910.823229034814,624.9914527855523
910.4048503242718,627.9621360831397
907.8229422921321,629.489797993895
907.2310152875204,632.4308220368453
904.7941454519951,634.1805835647988
904.6118187088315,637.1750379322466
904.1319961757117,640.1364177350937
902.8218180158318,642.8352013850689
901.5116398559519,645.5339850350441
902.6886581405166,648.2934465690757
902.6590498153736,651.2933004566979
901.8255620603916,654.1751918776739
898.9181603822785,654.9147968277015
897.0891577816872,657.2927685447389
897.4283736592965,660.2735289491286
896.9256809225551,663.2311124242697
896.4229881858137,666.1886958994107
893.4237661151046,666.1203806699849
892.5907863698466,669.0024189667447
891.7578066245884,671.8844572635044
892.0338545500293,674.8717298561647
892.2124350288781,677.8664099747374
892.3910155077268,680.86109009331
890.3365136056175,683.0471875143389
888.3949837920314,685.3342078428354
886.4534539784454,687.621228171332
883.4739097042743,687.9709650985418
880.4943654301032,688.3207020257516
879.2104912356992,691.0320978015365
877.0962139757854,693.1604379219616
879.169236924511,695.328980255894
878.0039195324558,698.0934034101476
876.8386021404008,700.8578265644013
877.5868431818651,703.7630176672151
874.9050260250389,705.1075832986934
873.1272668954487,707.5241040366882
872.5129654811346,710.4605361868275
872.2883146003068,713.4521130255104
869.7722231859861,715.0859073806181
870.6644219740558,717.9501666779875
869.2666002961099,720.6046147480511
867.868778618164,723.2590628181147
867.0288179945511,726.1390743026021
864.5661550940698,727.8523435279701
862.1034921935884,729.565612753338
859.2512826397837,728.6356123978621
857.8660892566726,731.2966722039141
857.6868141025094,734.2913108163513
854.7732471431483,735.0062426825592
855.6914033038177,737.86228702126
854.2546753772559,740.4958801684712
852.0893543386027,742.5722676081283
849.9682279154168,744.6937818543361
847.062332004547,745.4392809859183
845.3727815581981,747.9182766069799
843.5633389188929,750.3111655168677
842.2792173293233,753.0224441346422
839.4143542627661,753.9127023049931
837.3160516106585,756.0567932499295
835.9008546031688,758.702018652422
836.7118851225922,761.5903104480278
835.6831780735911,764.4084236124227
833.6854074248927,766.6464835837369
831.6876367761943,768.8845435550511
829.4214779283823,770.8503828354816
826.625092475175,771.9367660077974
826.0379773280239,774.8787544176973
826.1905729397498,777.8748710007565
824.3209144280141,780.2210118851652
822.5472327302236,782.640526967764
820.5218909495513,784.8536674222908
819.0408307642701,787.4625868782293
817.559770578989,790.0715063341679
814.5699282056335,790.3181692265692
812.6242813337262,792.6016880571983
809.7351110775535,793.4095836140908
807.8292134364764,795.7263818749967
805.9233157953993,798.0431801359026
804.441153755149,800.6514737709141
802.9589917148987,803.2597674059256
800.4760328844676,804.943488121004
800.0301883184993,807.9101735817491
797.7070654098421,809.8083569109542
795.4493726227346,811.7839133589057
792.9479961614147,813.4401487886544
792.6010806127102,816.4200228803011
790.352225945649,818.4056342940568
788.1033712785878,820.3912457078125
787.0219427527592,823.1895509705606
786.0702509144713,826.0345962505055
783.4799467249509,827.5479779623524
780.8524914738612,828.9959002335816
777.8815783079654,828.5791569544432
774.9106651420695,828.1624136753047
775.4837744801561,831.1071625078197
774.9867630299409,834.0657060039264
772.0737108582894,834.7827325342839
769.5156886341665,836.3500622063356
766.6598802510849,837.2689520142674
763.8979241446189,838.4401046370944
761.1359680381528,839.6112572599213
759.8049842447616,842.2998409282735
757.3616014990263,844.0404961950748
754.918218753291,845.781151461876
751.9823237631138,846.3980149853984
749.1401375639052,847.3582116366258
746.2979513646966,848.3184082878532
744.5388712490925,850.7485599594339
742.7797911334885,853.1787116310146
739.810412656394,853.6062528100465
738.94280687612,856.4780571574969
736.3482399018441,857.9841189809279
733.7536729275681,859.4901808043589
730.9691171941477,860.6065361991483
727.9705002934395,860.6976223275492
725.7113239648623,862.6714820784932
723.3878187309338,864.5691973964233
721.5398625815305,866.9324701419783
718.9287870333395,868.4097258685331
715.9478085848096,868.0724315024371
713.5059669249191,869.8152479896276
710.5339239825895,870.223856297116
707.5412691948692,870.4336593512751
705.3927409623822,872.5274182758426
703.2442127298951,874.6211772004101
700.4568698315982,875.7305552096177
697.6695269333012,876.8399332188253
695.6891271131855,879.0933787035189
692.8378170720171,880.026133252761
689.8413682661458,880.1720597883616
687.9438333143615,882.4957123240814
685.551537608912,884.3059391766299
683.1592419034624,886.1161660291783
680.1617889366875,886.2397609804173
678.4350438153054,888.6929938038124
676.0913443405728,890.5657118210639
673.512173598291,889.0334330337157
670.5807478416118,889.6711971226056
667.6493220849326,890.3089612114954
665.0449302510762,891.7979686579987
663.5624093974577,894.4060583647738
660.565328780104,894.5383753065548
657.5682481627503,894.6706922483359
654.6269194660063,895.2611035437142
651.8526811061723,896.40285724869
649.4952701089173,898.258285336766
646.755867607684,899.4812628247993
644.0164651064506,900.7042403128326
641.142952682666,901.5661720678776
638.6867979264633,903.2887584412078
636.2306431702607,905.0113448145381
633.9360616154785,906.9439325844604
632.3961086891957,909.5185286663407
629.5693998809566,910.523375576782
626.7426910727174,911.5282224872233
627.3106376957579,914.473971395969
624.315562692986,914.3021408754827
621.3540824589334,913.8229385974043
618.4238827337939,913.179565011692
615.4284517923406,913.0140552688234
612.4330208508874,912.8485455259549
610.3903000788159,915.0456554110876
607.4456271122475,915.6191544258743
604.5009541456791,916.1926534406609
601.584225216814,915.4907329640242
598.667496287949,914.7888124873875
596.4845263126339,916.8466370879968
594.4589624027076,919.0595742418274
592.4333984927813,921.272511395658
589.9259134803733,919.6255387448379
588.0547872542616,921.9705092448563
585.3386073676799,923.2442308878102
582.3566713439718,923.5729519709677
579.4712625380178,922.7517236089861
576.5858537320637,921.9304952470047
573.807451083286,923.0620776440331
572.145445582199,920.5645313052524
569.1709902847338,920.9551918783603
566.2124273935823,921.4520878625474
563.8715496040194,923.328331763092
560.9898543361784,924.1624974440587
558.4523346796811,922.5621868514268
555.6539461854165,921.4809737201858
552.855557691152,920.3997605889449
551.9598960250147,923.2629389242591
550.0961836489561,925.6138060364808
547.1032380088005,925.4081937920153
544.1457550404857,925.911477501396
541.2614002761834,925.0865547209816
538.2799988969737,924.7530193914486
536.030541912355,926.7379484265404
534.3465655515778,929.2207338816982
531.3470700471272,929.1657182586351
528.5797505318624,928.0072957534867
526.0975159669817,926.3225074685939
525.478683185134,929.2579880064463
522.5715893413685,928.5171740058084
519.6644954976031,927.7763600051705
517.1755590856319,929.4512318024027
514.2380660561064,928.8420235445063
512.2023831487238,926.6383912928385
510.6379627297512,929.1981937759808
508.4340850438004,927.1627765840105
505.4366927377912,927.0377191417016
502.8229301777041,928.5102154165652
500.209167617617,929.9827116914288
497.3874900620164,928.963822211544
494.46017777999634,928.3074360420261
491.5293247885462,927.6670449564324
488.59847179709607,927.0266538708387
486.42185882535233,929.0912012719019
483.5015411203981,928.4043646813428
480.58122341544384,927.7175280907837
477.7395173789735,926.755911326013
474.8978113425032,925.7942945612424
472.3018798750576,927.2980032485638
471.14639849859657,924.5294543888447
468.21268652435515,925.1566178860228
465.27897455011373,925.7837813832009
462.2900542887402,925.5261854376765
461.80753506085256,922.5652438315791
458.80785098213914,922.6087803439958
456.32598791531166,924.2941158350828
453.34280545251124,924.6113261653685
450.4839578814216,923.7019359491935
447.48418726374433,923.7390336758092
444.58605200890537,924.5141543403895
443.81459948337255,921.6150405101218
440.9764059332882,920.6431056500311
438.10482299626256,921.5114439687658
435.1458511703372,922.0058989549676
432.5415051298864,920.5168114150332
429.54214680180337,920.4547661109476
426.54278847372035,920.3927208068621
423.546476537477,920.541431198986
420.67254283048845,919.6809051692605
418.079966962973,918.1714183786007
416.09796146871645,920.4234517310928
413.10091882279903,920.290277489768
410.1038761768816,920.1571032484431
407.1085485424264,919.989734307869
404.1521715112565,919.4799943255533
401.1912781472937,918.9971791567349
399.1340477125615,916.8136492305806
396.3540867996904,915.6859004452082
393.57361620984506,914.5594088566886
390.79314561999973,913.4329172681691
388.16926098567876,911.9785344348772
385.5453763513578,910.5241516015853
382.59028906917587,910.0069870681083
379.63520178699395,909.4898225346311
377.1664033399835,911.1942386305533
374.78913743161075,909.3643187413536
371.80441980883813,909.6667434630788
369.7959626690092,907.4382686668403
366.80323031314435,907.2295750010055
365.52305157344233,904.5164324698408
362.79253392727554,903.2737445025813
360.34052489921356,901.545262010248
357.6263881285579,900.2671925324125
355.02303697762136,898.7763663235883
352.0307527581922,898.9913899273048
349.0346183876179,899.1436358910059
346.16991850619,900.0344190236185
343.23455770577436,899.4150185300902
340.2991969053587,898.7956180365618
337.86880511859067,897.0368696853727
335.1304355883347,895.8115810190717
332.39206605807874,894.5862923527707
329.57617502684644,893.5515181260789
327.27560012687707,891.6260687942005
325.366349378706,889.3120330164718
323.4570986305349,886.9979972387432
320.49936809489276,886.496170497198
317.5416375592506,885.9943437556528
314.54440359327435,886.123140313054
311.5666397749453,885.7585547370223
308.5888759566163,885.3939691609907
308.61091234187245,882.3940500957949
305.77192007503174,881.424450741
302.93192568768563,880.4577905732872
300.0919313003395,879.4911304055744
297.4444007664272,880.9020102984078
294.48990808133897,880.3814596536478
291.83719047687845,878.9803567627132
289.13904346668266,877.6688680241525
286.464339167265,879.0275279928999
284.93426622843236,876.4470480371839
283.2452960978734,873.9676570034662
281.5563259673144,871.4882659697486
278.83090761277873,870.2344339264669
279.7158918831402,867.3679373119193
277.79913212151257,865.0601175580812
275.8823723598849,862.7522978042432
272.9127320015884,862.3265794203598
270.07776896188835,861.3452616514722
268.5317041512744,858.7743311581719
267.7075517746725,855.8897561703892
264.718140917322,856.1415948607352
262.2315278805799,854.4632755807695
259.52983769792365,853.159101452465
256.8281475152674,851.8549273241606
253.91036921480924,851.1573817777082
251.33589584127344,849.6172237179769
249.62770594645875,847.1510349005396
247.91951605164405,844.6848460831022
248.7683501569873,841.8074374118138
246.17759290753128,843.3200433996345
243.84617129715025,841.4320621299582
243.43232610717874,838.4607438772736
240.50955251178536,839.1370533553021
237.96422102836286,837.549197052138
235.41888954494036,835.9613407489738
232.87355806151785,834.3734844458097
230.6711770917159,832.3364478570725
229.82991636727965,829.4568158678209
228.98865564284338,826.5771838785693
227.13581914200128,828.93663231012
225.9797897303476,826.1683122420296
223.0568982165237,825.4925125687415
221.05819175785498,823.255288285824
218.80612185219044,821.2733243255059
215.80659902769835,821.2198189486647
214.1971946822906,818.6880571800573
211.3131995717975,817.8618779000872
208.42920446130444,817.0356986201169
206.48367012860177,814.752083906494
205.56520864640856,811.8961377400323
204.46576655227446,809.1048607774852
203.36632445814035,806.3135838149382
200.5562601712078,805.2630893107611
199.13045829913605,802.6235649176939
197.36491283316144,800.198106361549
196.13613220535865,797.4613019898891
193.55564180900447,795.9312466594112
190.98195447419513,794.3897754457189
190.21651684143492,791.4890677337364
187.89932119377048,789.5836532563995
185.23943770073708,790.9711040856142
182.69578179682796,789.380564981251
181.43723897479168,786.6573187630216
180.17869615275544,783.9340725447922
178.64802873351877,781.3539451735783
175.73821406964808,782.0839990222244
174.88283838603343,779.2085282016664
171.94175279865627,778.6169070663759
171.18384387247292,775.7142231256735
168.7991443741571,773.8940010780287
168.65892098005128,770.8972799699266
166.0997638999525,769.3318039913884
164.52476027397478,766.7784995484836
163.50939183452377,763.9555530502009
163.212779262217,760.9702522308613
161.2100941122109,758.7365888296424
159.20740896220482,756.5029254284234
159.26287124411255,753.5034381496896
156.3289000140391,754.1293876852764
154.12927873328118,752.0893714546456
151.76772796771033,750.2392152499883
149.16973146185856,748.7390772044798
147.90184290041927,746.0201695937341
145.365032317988,744.4187352151644
143.83180793637243,741.8401264826073
143.38507867072937,738.873574112731
140.99463802200177,737.0608983267972
140.35139156861592,734.1306706905534
140.09320924888797,731.1418010229734
139.49975141435226,728.2010854980325
138.0745623452553,725.5612301767457
135.08649993182306,725.8285932509231
134.5705921737837,722.8732862981354
132.53890267000537,720.6659716943154
130.12670614496898,718.8823495581547
127.6724561059065,717.1570505273309
128.87071091334968,714.40674410505
130.16263134340764,711.6991729421073
127.45307269416243,710.411426101187
126.52240143041995,707.5594353931299
125.59173016667746,704.7074446850728
125.9295086912121,701.7265210583485
123.8354030716783,699.5783307375815
120.88570771491389,700.1254114466935
118.03618756287484,699.1872030992976
118.62092603782526,696.2447413891113
118.99018563316163,693.2675535631164
117.11472852560958,690.9260453658784
115.23927141805751,688.5845371686405
113.37807114434312,686.231680704441
111.09592764867676,684.2844208180397
109.66962048020712,681.645169435323
108.24331331173747,679.0059180526064
108.55649815108731,676.0223102941366
107.19648911269256,673.3482917049183
107.84681430584769,670.4196269676793
108.4971394990028,667.4909622304402
106.68282174098634,665.1017675809933
105.20027068328919,662.4936950434052
103.36891231116533,660.1175371124477
104.46240419594417,657.3239237716429
102.91807606664696,654.75194969925
101.0035214978875,652.4423002013299
100.82059662911556,649.4478823125935
100.35559058428089,646.4841398510649
97.86615067008364,644.8100165241856
95.3767107558864,643.1358931973062
96.38230963524346,640.3094518138992
97.76472591361423,637.6469482489634
96.39140181381413,634.9797435479875
97.70810594093827,632.2841378198414
95.17369488968029,630.6789086700744
94.53911747004183,627.7467914318854
93.90454005040338,624.8146741936964
90.91303732443463,624.5890385570575
89.09616830930023,622.2017834425286
87.27929929416582,619.8145283279997
85.46243027903144,617.4272732134708
82.53539938069348,616.7696334031074
81.3463250254898,614.0153454410749
80.15725067028613,611.2610574790425
81.49108410220384,608.5738864059809
82.00230963199574,605.6177658980027
83.27866429096997,602.9028222918638
83.31548002564838,599.9030482000895
83.57308019113641,596.9141283024106
84.96732270696575,594.2577985399274
84.63398014851127,591.276375601342
84.3006375900568,588.2949526627566
83.01866190908054,585.5826587344765
81.73668622810429,582.8703648061963
81.52825686177292,579.8776140315325
79.81701774050902,577.4135400330788
80.33887243039197,574.459277403818
78.32073432387755,572.2395660300051
76.79573571014257,569.6560840331438
75.27073709640757,567.0726020362825
75.80449579185229,564.1204669352011
76.33825448729702,561.1683318341196
74.34692486410935,558.9245389889988
74.98913632602881,555.9940843419894
75.63134778794827,553.0636296949799
76.63553577748822,550.2366867380628
74.5921431026323,548.040201733255
73.27112340710556,545.3467082834708
73.66785285904304,542.3730563633623
73.20724351856413,539.4086274073129
72.16927695768766,536.5939115391475
71.13131039681117,533.7791956709821
73.9781365084513,532.832844208742
73.7712819987062,529.83998416995
72.4649679473787,527.139328027583
71.75223678977342,524.2252219387492
72.33226020704102,521.2818271579865
70.01604280343263,519.37522364933
69.77544138049652,516.384887388091
71.77163769331457,514.145423103783
73.76783400613262,511.90595881947485
72.72355712053022,509.0935780155657
71.65637710517927,506.28980790822175
72.04961002723516,503.3156915908913
71.39068069201225,500.38895071900276
69.01218872068364,498.56062472445876
70.74419960721471,496.11110675372703
71.5976709998643,493.2350701437499
72.49538660490656,490.37253513217996
74.0492742737493,487.80632525911454
72.33774587106527,485.34245218470386
74.67127954740423,483.4570820403046
74.15197370807218,480.50237030390196
73.45164547661724,477.585258655674
72.87922779033724,474.6403752976386
72.30681010405723,471.69549193960324
75.00098529511345,470.3758631888187
74.57776732730161,467.4058654528396
76.5286724386948,465.1268373164753
77.24124086606976,462.21269143194786
75.88360717652922,459.53746606480127
74.52597348698869,456.86224069765467
72.76615621796878,454.4326227894931
72.97229507701947,451.4397133737591
71.33094388241686,448.92854506877103
72.33126899026708,446.10023290802843
74.1292633938161,443.698730019251
74.62282612832034,440.73960923308687
77.58875102240813,440.2887328391269
79.96046425260208,438.45162196775226
80.12311883149103,435.4560346316917
80.28577341037999,432.4604472956311
81.90975739253837,429.93801275223996
79.02394887853536,429.1181900759814
80.63781106800982,426.5892676110994
79.90433755065344,423.6803130567385
79.53244978957038,420.70345237925346
79.1605620284873,417.7265917017684
78.82763250597888,414.7451226120339
77.93217060507239,411.8818817936561
78.91412100894432,409.0471378185614
80.2776588634281,406.3749169221178
81.6411967179119,403.7026960256742
84.6411503791228,403.71937027490003
86.68613653252139,401.52436876410144
88.73112268591998,399.32936725330285
86.16739699903152,397.7713843899862
83.90976713799348,395.79575603157735
86.85737689662352,396.35396451487816
86.37587163300303,393.392857849946
85.89436636938254,390.4317511850138
85.95639432818224,387.43239249817304
87.8519862454034,385.1071545999429
88.87946670264313,382.2885939903426
89.90694715988286,379.4700333807423
89.9976019457093,376.47140340860386
88.87372328395644,373.6898756353007
90.1688646328309,370.9838436904716
91.7138598676598,368.41227029576635
93.25885510248871,365.84069690106105
95.22741183795786,363.57689823968695
94.80879083877866,360.60624907510254
94.97876558975175,357.6110681817287
96.32349159146808,354.92933143471043
97.14576354070876,352.0442198525542
97.96803548994943,349.15910827039795
100.93692901250255,348.72821239928504
101.38189657142509,345.7613952711987
102.92733412932378,343.19008767492863
105.01656310729288,341.03715426267127
107.10579208526197,338.8842208504139
109.56758480523064,337.1697014997184
107.89789426084957,334.677286308382
108.66031002108488,331.77578286903463
110.09920671081765,329.143374026116
111.53810340055043,326.5109651831974
110.2500796623884,323.8015381496844
108.96205592422639,321.0921111161714
108.36598101179827,318.15192494880483
111.01915974061292,316.7516954558411
113.61219560079167,315.24299898940825
113.06250766221291,312.2937883882166
115.89388512732558,311.3021727116301
117.88695044826915,309.0599214709231
119.76385505006442,306.71957339515325
122.47751566305173,305.4404932266254
125.24401532159686,304.28011413371235
126.29483368684029,301.47017093797564
127.34565205208371,298.66022774223893
125.47615124100987,296.3139611935718
128.30803389044925,295.3237891581132
130.1615723017999,292.964892094304
132.22741284639426,290.789506417163
133.1190924814833,287.9250854585106
133.80021286433444,285.0034292460063
134.48133324718557,282.08177303350203
136.34561852820593,279.7313602206177
138.53966558897363,277.6853500800914
138.47453749243175,274.6860571082327
140.02010316004964,272.1148265143184
141.67807569784165,269.6146011116942
140.89249081810047,266.71928482556547
140.08407857474032,263.8302590996874
141.6595615932864,261.2772504318069
143.2350446118325,258.72424176392644
145.13237775093512,256.4004244390786
146.83013533473792,253.9270423038961
149.19481480372664,252.08088656589803
151.4572325818241,250.11074296774365
153.71965035992153,248.14059936958927
153.00474881081118,245.22702497117766
153.88711696487215,242.35972198043896
156.6654533374123,241.22797686734125
158.0762599263478,238.58040727078367
160.67332451748842,237.0786564560865
162.60368746068337,234.78220290603593
165.54532422213452,234.19332841713424
165.36145880866442,231.19896813324564
166.94139821978519,228.64871491891822
169.08150304131146,226.54634688432483
170.81775758498284,224.0998350491643
173.57812739296546,222.92494844902882
174.49637144000414,220.06893236537698
176.75501528584044,218.09446332847978
178.2893372367378,215.51650751989916
179.82365918763514,212.93855171131855
182.81459213550818,213.17161844280892
185.8055250833812,213.40468517429926
188.1715959374953,211.56031300108913
188.87510537455051,208.6439669187501
189.5786148116057,205.72762083641106
192.57772869015886,205.65471031954408
192.90968795774586,202.67313304490182
195.26783336514242,200.81863844054877
197.29178639577685,198.60422788019963
196.21481432639519,195.80420445855262
197.32699553454486,193.01797888257374
200.325024732448,192.90925478901448
203.02915196682446,191.6101412834641
205.5150310495239,189.93073508298806
208.49291274069273,189.56711353054445
210.51690418056378,187.35273807653294
212.54089562043484,185.13836262252144
213.18793609830217,182.2089704295911
214.12269916510684,179.35831822194842
215.20489012231306,176.56030772658906
216.04116008163604,173.67922241804058
217.79706301489554,171.24677408581013
220.57248043806075,170.10788948797284
223.47216101187422,170.8772090378666
226.29375732416494,169.85809459362227
229.2499051276869,169.34702692321812
232.21575896993812,168.8956833884205
235.12573471331729,168.16627186332315
236.42855567069714,165.46392888860439
238.04238085119684,162.93498280638258
239.8457357887446,160.5375026773258
242.73704232003877,159.73728611782718
243.1163905397039,156.7613669441538
243.24200121372934,153.76399777126719
245.5165221082529,151.80783962316775
247.79104300277643,149.85168147506832
250.5403305349809,151.0522721902019
252.3522264718823,148.66124038074383
255.1843147723924,147.67165670155663
258.01640307290256,146.68207302236945
260.8011934133419,145.56630299239202
262.8374338509406,143.36318590964595
265.0492864721209,141.3364377797152
266.4763158995,138.6975768486705
268.39537673869273,136.39167019499243
270.73371461657666,134.5122617857175
272.3072956153045,131.95808034336795
273.88087661403233,129.4038989010184
276.8189213979821,128.79735718975232
279.75696618193183,128.19081547848623
282.44405343896653,129.5248177547518
285.13114069600124,130.8588200310174
287.7138698212154,129.33254670498087
289.6254871295184,127.02046555013435
291.95077398039734,125.12493368252318
294.9233523393712,124.7202388595266
296.68473394766664,122.29175479946802
298.4461155559621,119.86327073940944
300.8114729996608,118.01798372554438
303.1768304433595,116.17269671167934
305.200906982353,118.38699438008258
308.14656061827867,118.95543492856386
309.1038982469782,121.7985854108064
312.0035906723195,122.56786028912906
313.9284072211055,120.26675593392923
315.8532237698915,117.96565157872939
317.1889796039209,115.27943558744049
319.9415481861236,114.08638646847231
322.6941167683263,112.89333734950414
324.6206994656953,110.59371148641284
327.1928912485659,109.04974599711818
330.00643855380616,108.00861605269472
332.4797963864952,106.31082306429013
334.9531542191842,104.61303007588555
337.9497254829152,104.46964018300038
339.4825575499325,101.89079822306498
342.45122274564045,102.32326435560277
345.39847327206263,102.88336643067863
348.296760974131,103.65791687838303
351.2951400438374,103.75652192057983
353.5400339859797,101.76643368421118
356.1458708304837,100.27995652669237
356.0730683618125,97.28084002336087
358.6750689619152,95.7876578921173
361.2770695620179,94.29447576087374
363.7071027129457,92.53523192177919
366.5320751801374,93.54494998124376
368.61995785263167,91.39071091700364
371.6125395539294,91.17986793974872
374.6051212552272,90.96902496249378
377.53752118221144,91.60229478509926
380.35178637924247,90.56310692875189
383.1660515762735,89.52391907240452
385.7745120058424,88.04205059397152
388.57245926428686,89.12440503636235
391.18018996480237,87.64125278740444
393.94859600108373,86.48542926355624
396.7978879344384,85.54652805548365
399.7235968275391,86.21002445549749
401.2668365007043,83.63739713869295
403.5449793800176,81.68545835342479
406.52319635108404,82.04632352665689
409.0962331573105,83.58888036314751
411.97881961603304,82.7577995560117
414.46675982670024,81.08144830757206
417.3736828789881,81.82293220360577
420.280605931276,82.56441609963949
423.2801293958442,82.51094661764326
425.9505108716455,81.143809911349
428.94989709934293,81.20449151563713
430.96662544193475,78.983499216644
433.71978583306316,80.17518200191935
436.6615702201854,79.58704543641453
439.60335460730766,78.9989088709097
441.4661225495671,81.35052439928388
444.2162631783178,80.15188912444212
445.2234833904553,77.32602510714376
448.1680466897661,76.7519632843822
451.16802611578265,76.76307379640363
453.3671963211803,74.72257130738498
455.56636652657795,72.68206881836633
458.55526077526565,72.93996641463595
461.55086639987417,73.10228382532853
463.2745538901837,75.55766596172816
466.0189093622443,74.34584376232304
468.9473468884995,74.99719133069202
471.9239815824895,75.37088358179618
474.9139629367532,75.12591113200794
477.4174798482823,73.47291292460187
480.37177112850844,73.99460539299675
483.3071411491984,74.6139621897098
486.30050065183775,74.41446560337592
489.29386015447704,74.21496901704202
492.1289296665991,73.23395889403821
495.1194839846777,73.47183464022025
497.9187278513041,72.39283798816133
500.60321853415746,71.05361815046722
503.34491674037486,72.27144036492399
506.08661494659225,73.48926257938076
509.0632596912496,73.86287476347522
512.0399044359069,74.23648694756967
514.946728298459,74.97835959977995
517.8176564616762,74.10785889234386
520.298352006317,72.42080536183607
522.7790475509579,70.73375183132832
525.7016136471839,71.41095742285142
528.3496014862292,72.82097884264196
531.3420758855476,73.03333931312515
534.2358854445206,73.8244563944706
537.0546232425235,74.85145066227841
539.8733610405263,75.87844493008622
541.9296392691143,73.69401826694666
544.7043841772669,74.8345403818929
547.3212469180748,76.30152006674572
549.9381096588828,77.76849975159855
552.9379156704866,77.80261562393909
555.6697789687448,79.04234257759872
558.1836463592047,80.67955690174284
560.6975137496645,82.31677122588697
563.0804026783542,80.49417956741601
565.5836616879598,78.8407908258224
568.546294686754,79.31281382786308
571.5370978033261,79.54754072854256
574.3535559982448,80.58077024625631
577.2928947149461,79.98053037045598
580.2322334316474,79.38029049465565
582.794430170194,80.94078652892851
585.3566269087406,82.50128256320139
586.2268246669263,79.63026255950084
589.2140141971983,79.35331723956696
592.2012037274702,79.07637191963309
594.7543453494402,77.50110436833752
596.2375450212436,80.10880809644051
598.9577908321661,81.3738230086682
601.8758553672027,82.07017017019167
603.4953613982293,84.59548207478254
606.3013172280081,85.65690182272876
609.1072730577869,86.71832157067496
611.6431438794802,88.3212436447896
614.4296635313646,89.43268785376407
615.6686832328302,92.16487199458989
618.6565331948105,92.43459890220913
621.6518399633574,92.26685695069573
624.490281939798,93.23806606637564
627.188087509272,94.55025702401682
630.1759380330342,94.2805363395034
632.814948610266,95.70728900666703
635.4539591874978,97.13404167383065
638.2932321136448,98.10281886743564
641.0494672303962,99.2873727839738
643.8814520872392,98.29749310915867
646.5915344798891,97.01084885955092
649.4903679266012,97.78335429527503
652.0719130089808,99.31162946278944
654.6534580913606,100.83990463030382
657.4357755937365,101.9618267826711
660.0467955950959,103.43918068492383
662.6578155964553,104.91653458717657
665.5522496332393,105.70536385051982
667.7147543718578,107.7846842335903
669.9898976973202,109.74011841775598
671.9527887119028,112.0088314592997
672.9167451409585,109.16791822534088
675.8962928766803,109.51762566099967
678.8944915773112,109.62157060572892
681.7492071278331,110.54384991570423
684.6039226783549,111.46612922567952
686.9438962009757,113.34350076946984
689.9035461961696,112.85312142044653
692.8199111035015,113.55655281531274
695.6445933865923,114.56708237925066
695.8605674047952,117.55929815079209
697.219381282114,120.23392426425278
699.4999717303699,122.18300281765283
701.6783541468534,124.24568312433045
704.5261079818176,123.30212703408107
707.162462183151,124.73378220384501
709.4042931699946,126.72732022114683
712.198730862821,127.81870373802413
713.5234500567216,130.51037962068744
714.8481692506222,133.20205550335075
716.8356927818453,130.95489057552848
719.3710012638492,132.55870194257858
720.7818433233565,135.2062526376787
722.1926853828638,137.8538033327788
724.3401739532446,139.94862858565403
726.1378472283404,142.35037186835646
729.1366781813044,142.4341150205859
731.3489091999066,144.46045011635218
734.3448464471417,144.30437317817757
737.3407836943767,144.14829624000294
738.8312821217276,146.75183506976228
740.506118465741,149.24079533878464
743.1356065274133,150.685022652445
745.7650945890856,152.12924996610536
748.7632786089835,152.02488242886645
751.4679036819185,153.32295916575484
754.2034092188663,154.55462854400852
755.1349416280793,157.4063380962922
758.0764941737486,157.99563311669075
760.5380506448184,159.71049163555878
762.9996071158882,161.42535015442678
765.0895609216358,163.57757994927707
766.8719086093389,165.9907183042288
768.6542562970421,168.40385665918052
771.157479257404,166.75041333970532
772.7837118280055,169.2713987871673
774.1418614023321,171.946362288555
776.6425110935206,173.60369482065548
776.1767977783045,176.56732622621698
775.7110844630884,179.53095763177848
778.4104976064372,178.22207693380957
780.8595379423087,176.48939074373538
783.4946915985818,177.92325447778785
785.7881660106954,179.85715600604115
788.0816404228088,181.79105753429445
789.4665613597874,184.452259142275
790.7056372018883,187.1844178231576
793.705620220982,187.19451164053652
795.3241583410096,189.72044401374404
797.753713125513,191.48034842850552
798.714532066023,194.32232431924723
800.3432564230425,196.84170062477438
801.9719807800619,199.36107693030152
804.697912386215,200.61379273150132
807.6068610627232,201.3472895600161
810.5158097392314,202.08078638853087
813.3008719953795,203.19587751905758
815.7708398259333,204.8985985520014
817.6678218061215,207.22270254426186
819.5648037863099,209.5468065365223
817.8615424710495,212.01640182562076
819.777543768528,214.3248513113277
822.0041807745221,216.33534568922022
824.746488887094,217.55179388611236
826.9110428926538,219.6289809159715
826.2426003140179,222.5535637099896
827.6915606582481,225.1804466386425
830.6850389450677,225.37815285083462
833.6785172318873,225.57585906302674
831.1927343059399,227.25540758720464
828.7069513799925,228.93495611138255
829.7635819081111,231.7427189088866
830.8202124362297,234.55048170639063
831.4134983469013,237.49123192159058
834.2810013637051,236.60951402531018
836.4055655827735,238.72758552529643
839.2987523199477,239.5209772972726
841.3745481282648,241.68686551280285
843.4503439365819,243.8527537283331
846.4091333520862,244.3482990791336
847.3250132918721,247.2050741728184
848.240893231658,250.0618492665032
849.3227474622522,252.85998997485675
851.5231436486428,254.89917035503848
853.7235398350332,256.93835073522024
854.6212587707817,259.8008847022499
856.6424048837915,262.0178575008798
859.0444581790847,263.81511651576085
860.3295595155292,266.5259308869542
861.8676708741215,269.10162757883575
864.3461011309255,270.7920072587178
866.8245313877295,272.4823869385998
868.6636677315771,274.852529868623
870.73125455084,277.0262558736223
869.885492248368,279.9045689434111
869.039729945896,282.7828820131999
867.8383031972664,285.5318043052404
866.9894880017538,288.40921855485186
868.292682961758,291.11138118804394
871.2562146922976,290.6450340189893
872.7201377390111,293.263607927303
874.1840607857246,295.8821818356166
876.0540109040132,298.2280903067877
877.803614765366,300.66507334496
880.1164048669767,302.57583286564574
881.5578757575282,305.20683299329545
883.0848071016078,307.7891731471999
884.6117384456874,310.37151330110436
885.6701145551801,313.17861857359685
887.5680089628393,315.50197752506693
886.5559258900491,318.3261035586872
887.2639322056175,321.2413611900322
889.3646398390437,323.38309586988055
890.518955022418,326.1521311635219
892.8617586426752,328.0259697896874
895.2045622629324,329.8998084158529
892.7703264317421,331.6532324712795
893.3838811389548,334.5898207334057
893.9974358461676,337.5264089955319
895.104319888195,340.31474321465
897.807453221047,341.61592351915226
898.3702834117274,344.56265427992065
898.9331136024078,347.50938504068904
901.38618843873,349.23635459670425
903.4193973558744,351.44226971276026
901.7604752196559,353.9418651492188
902.2756254489088,356.8973042437191
902.7907756781618,359.85274333821934
903.1530006528611,362.8307952295913
903.5152256275604,365.8088471209632
904.9952881815652,368.4183326710732
907.6693483217412,369.7782600098389
910.6266120609172,370.2828302992485
911.5397273084553,373.14049027634746
912.4528425559935,375.99815025344645
911.1695278432804,378.709810878992
911.4054035700966,381.7005236103487
912.84886301933,384.3304332700934
914.2923224685634,386.96034292983813
916.658939288788,388.80401449121507
914.2149953500507,390.5438817345152
914.394069118659,393.5385323961778
917.2784471850699,394.36337369606997
919.4272993835458,396.4568001287648
919.7018459633788,399.4442110773124
918.8183814919373,402.31117646386673
920.7488530071819,404.60753874556997
920.8477472619037,407.60590829023636
919.7778531392288,410.40864384077724
918.7079590165539,413.21137939131813
920.8379984644934,415.32394464480063
921.0347693658803,418.31748455807514
919.3185816614873,420.77811451060563
918.3545153044684,423.61899044229716
919.0549137225707,426.53608523950885
918.9493847516577,429.5342286043762
921.4268609567383,431.22600626508085
921.721838558629,434.21146907918234
920.4914622912155,436.94755647555434
919.261086023802,439.68364387192634
920.849603255328,442.2285629286244
923.8489778193386,442.28981833463774
925.9182307477263,444.4619583665785
924.9993480252755,447.3177690294869
925.5220780668303,450.27187689882004
925.1212023850337,453.24497270752585
925.2188215430426,456.2433840368784
925.2823785970228,459.24271071146546
924.7234320965997,462.1901806111701
926.0337766892644,464.88888345670057
927.3441212819292,467.58758630223105
926.4235028016394,470.4428378872492
926.9634425019918,473.3938487513402
928.6789220495508,475.8549724625556
930.5541774345334,478.19664221747286
929.6055685545658,481.042716916571
928.6569596745983,483.88879161566916
929.451487621083,486.7816665424945
927.4199164206219,488.98909003096634
924.4199179926156,488.99216118052277
925.1473639445962,491.902628907014
924.3914682074098,494.80583775835476
926.4108485932802,497.0244190296094
928.3374204972756,499.32405393514017
928.6869124411065,502.3036269550874
931.0358726272424,503.3065683230346
