851.9371165022934,495.4055880940842
852.1070426566546,498.4007717448916
854.2328388794103,500.51760674538576
852.3333003939791,502.8396217200071
851.0507099679977,505.55162500156496
849.6528440920177,508.2060497966516
848.2549782160379,510.8604745917383
845.5050187114616,512.0595253509603
842.7550592068853,513.2585761101823
841.1180387179751,515.7725697296826
839.4661990516952,518.2768512068541
842.0337831021707,519.8284671850341
843.481182192989,522.456210679346
844.9285812838071,525.083954173658
847.809440726049,525.9210018867816
850.690300168291,526.7580495999053
847.8288753623415,527.6592976678073
846.9543260633325,530.5289951298411
846.0797767643236,533.3986925918748
847.6850595083844,535.9330696971259
848.2637214311043,538.8767324460144
848.9730783921173,541.7916617250644
849.6824353531304,544.7065910041143
849.3786555157214,547.6911710098076
849.5507211378183,550.6862325153016
846.8627335877151,552.0184197883567
844.8238334796591,554.2190756790786
842.7849333716031,556.4197315698005
841.3344513299771,559.0457745715278
841.004346271384,562.0275577042005
839.3729530489768,564.5452066380044
839.3615056870815,567.5451847975759
840.3748968830813,570.3688416966821
840.6878079765801,573.3524781771478
842.4553319704233,575.7764952833555
844.2228559642666,578.2005123895633
842.2883388764299,580.4934676086784
840.8567352864035,583.1298498194027
841.5492047308306,586.0488369842485
840.0791188006465,588.6639559792227
838.9569109615335,591.4461582662308
837.0394913868647,593.7534298529056
835.1220718121959,596.0607014395804
832.3234999408979,597.1414398358538
831.80297979382,600.0959378941517
830.4428491613946,602.7698946370214
829.2522184507548,605.5235101713473
830.3449279059352,608.3174296488125
829.5802332810856,611.218333323657
828.8155386562361,614.1192369985015
828.1340091345651,617.040797799014
827.3497395426577,619.9364706408953
826.5095471436161,622.8164145175347
825.9228050807156,625.7584773570443
826.3297291087273,628.7307513745983
826.736653136739,631.7030253921523
823.7939360132789,631.119573653536
824.8302249800175,633.9349075906412
824.3701247438062,636.8994156059176
823.9100245075949,639.8639236211941
822.8111434399175,642.6554214985173
820.5355573900233,644.6103404557958
819.1655882611911,647.2792699389495
816.9304179229105,649.2802730770956
814.9817859235209,651.5612450916005
813.2144032023685,653.9853652035117
811.4470204812161,656.4094853154228
809.1839193514248,658.3788439105845
806.2759014131857,659.116022091813
804.3329619869253,661.4018450040008
802.390022560665,663.6876679161887
802.9655867732666,666.6319379169142
803.5411509858684,669.5762079176397
804.6556363102632,672.3615126517234
804.9253361879871,675.349365053693
803.7532855223585,678.1109401906754
801.9602726021394,680.5161646433882
798.9855671301491,680.1274136242115
798.4320650804495,683.0759107805571
798.3737762168671,686.0753444618347
798.3154873532847,689.0747781431122
795.3164374142153,688.9992833554224
792.3478638988623,689.4323783611018
790.2066870339404,691.5336545526394
788.0655101690185,693.634930744177
785.7406082731085,695.5309347458591
783.4025095972806,697.4106407287437
781.9523807043287,700.0368787594306
780.7259715355257,702.7747466435104
779.4995623667227,705.5126145275902
777.9834600613004,708.1013272964183
776.4673577558782,710.6900400652463
775.9228436707813,713.6402102995092
775.3783295856842,716.5903805337722
773.2232239720964,718.6773687451147
771.0681183585086,720.764356956457
769.995701549383,723.5661282154118
767.9834962121461,725.7912191530579
766.6082767281746,728.457447082344
766.62139812032,731.4574183870513
765.6829467506659,734.3068585121978
765.8480427168569,737.3023122878296
763.0404248038535,738.3593277345391
760.0424825071295,738.2482332454165
757.1957303154159,739.1948070454833
754.8968220713116,741.1222459900907
753.0068053394131,743.4520178143566
750.2419787800545,744.6163777658603
747.5766968579389,745.9934297894397
745.5777336295348,748.230424651188
743.0949577528976,749.9144151340554
743.6549959123244,752.8616778064322
743.1891721758429,755.8252918579799
742.7233484393615,758.7889059095276
740.9491303128658,761.2080276591743
739.1749121863701,763.627149408821
736.256040324058,762.9341941062199
733.3371684617458,762.241238803619
730.7634686856092,763.7826892447017
727.8112999415926,763.2491166565273
727.8287906081239,766.2490656688581
727.8462812746553,769.2490146811888
726.3389592768063,771.8428497558997
724.915566269478,774.4836739353347
722.3188560544947,775.9860374264384
719.4841328732516,775.0040269958813
716.6494096920085,774.0220165653243
715.7904672339545,776.8964239570752
712.7932489689221,777.0255853745178
710.8658198997126,779.3245018982669
708.0374336584773,780.3246175267773
705.5857735144623,782.053594836706
703.1341133704473,783.7825721466347
701.0891726556652,785.9776159897109
699.4405632198517,788.4840251598479
696.515194458917,789.1490196053492
693.5898256979823,789.8140140508503
690.8954888951077,791.1333128012006
690.7417472651039,794.1293707965011
688.3254896170374,795.907487490692
685.5920843498674,797.1438109295248
683.5132857157816,799.3068172260766
680.7670558728104,800.5143857125709
677.8868877839716,801.353809193321
675.6891834526759,803.3958904042929
674.2467473773685,806.0263614968259
671.2499656413376,806.1652831531334
668.7853489878222,804.4548256847306
665.7903077896922,804.6272444235728
665.0503701758007,807.5345614560873
662.7776043353206,809.4927584416704
660.5048384948404,811.4509554272535
658.2320726543603,813.4091524128365
655.4502216342551,814.5322307279772
652.5293816856539,815.2168430231163
649.5655205019137,814.7525942928881
646.6016593181736,814.28834556266
644.325892408097,812.3336371519242
642.6659869110953,814.8325796764781
640.3436780165155,816.7317588144626
637.5438934477634,817.8093516729105
634.9624329560068,819.3377697209261
632.3809724642501,820.8661877689417
629.7914025582342,822.3808255810461
628.329124174592,825.0003182664211
625.4719877685858,825.915070450061
622.7595576689018,827.1967579916749
619.8773767625974,828.0292441617304
617.8997711497786,830.2851422179705
614.9595212878778,829.6893815700656
612.019271425977,829.0936209221608
611.3878128242485,832.0264114080808
608.4589736655166,832.6759506157341
606.947778746159,835.2675311982566
603.9692449134574,835.6257716307204
601.9365872448814,837.8321947094564
599.7510864484796,839.887331266702
597.3820740498163,838.0467389014619
594.3950552330107,838.3255194388909
591.408036416205,838.6042999763198
589.7112034807794,841.0783165464452
586.7328598942214,841.4381352235716
584.0336900042513,840.1287529627025
581.063407038519,840.5499644339149
578.5536166472812,842.1934218237034
576.0438262560433,843.8368792134918
573.4050390487823,845.2640449623788
570.488094904783,844.5630193845374
567.5711507607837,843.8619938066961
565.2271465551466,845.7343303907418
562.8831423495095,847.6066669747873
560.3218584066071,846.0446731963648
557.3417694973914,845.6996078501345
554.4059098740897,846.3166396744898
551.4259827712418,845.9701797753495
548.4492406499298,845.5973442308973
545.4704866844062,845.2409388256674
542.4917327188825,844.8845334204375
539.5263117823628,845.3387125362608
536.708833242859,846.3691564597401
534.4251930723957,848.3146609115075
531.6087589774662,849.3479561204961
528.7923248825367,850.3812513294846
525.7956402872605,850.2402497818531
522.9269401623627,849.3624345430865
520.821575238453,847.2252778953018
518.1579521131284,848.6055357865079
515.4943289878039,849.9857936777139
512.5324126899516,850.4622932522329
509.5327187542797,850.5051452334401
506.5330248186078,850.5479972146472
504.18129976440383,848.6853675495154
502.01167914254086,846.6134731609939
499.95689049289194,848.7993010602746
497.071640853,849.6210884509685
494.2510950165278,850.6431066427632
491.69455103098295,852.2128463823298
489.1380070454381,853.7825861218962
487.13456627357374,851.549600435952
484.1349932203144,851.4989891905552
481.9081293981567,849.4887460416886
479.0379214512158,850.3616185073544
476.16771350427496,851.2344909730202
473.17074259200984,851.3692698698729
471.37555539185263,848.9656677987323
469.67179466801724,846.4964170225015
466.7758257803025,845.7132413069764
464.11764815231356,847.1039575605879
461.3789243117811,845.8794610414834
458.54191600262834,844.9040719633211
456.30290062115415,842.9073721557581
454.9197138708006,840.2452687742858
452.2467029448572,841.6072572433219
449.5736920189138,842.969245712358
446.59594438748775,842.6045279536231
444.0164334436977,841.0728219469537
444.1903310253038,844.0677776446413
441.6205959450372,845.6158285537678
439.0508608647706,847.1638794628942
439.63815756860606,844.2219272910083
436.7801916287934,843.3097701297304
433.9222256889807,842.3976129684524
431.59192937306574,840.5082429464522
429.9384258159399,843.0114261172514
427.11026542934894,844.0121802467546
424.259786837306,843.0768878880211
421.4093082452631,842.1415955292877
418.4293613097953,841.7953062545536
415.44941437432743,841.4490169798195
415.1937883230806,838.4599275997701
413.00570455084903,836.4075413286952
410.8176207786174,834.3551550576203
407.8262920400504,834.5830857001922
404.92524951964145,833.8189179864152
403.009785317788,836.1278131532466
400.24390198786926,834.9659657427501
397.24498675083515,835.0466342067525
394.24607151380104,835.1273026707548
391.82753264986,833.352290061333
388.94345254119355,832.5264075474156
386.73507628570945,830.4958720726667
384.0343267758647,829.1897510656105
381.4148815278659,827.7273877069556
378.99223625099825,829.4967915225022
376.1209673328474,828.6274154245671
374.0257582648622,826.4803013238652
371.3542763589813,825.1153161860153
368.39674218218744,824.6123334893981
365.63224932154804,823.4471814720742
364.47899274962697,820.6777051173601
363.52068424095927,817.834881731672
360.54960533167036,817.4193217302541
358.0571276016215,815.7497245437415
355.56464987157267,814.080127357229
354.8195824920941,816.9861339986593
351.83670434742095,816.6660746697356
349.1464164447508,815.3385389825518
346.42553717524567,814.0748871314562
343.7046579057406,812.8112352803605
341.39283353615195,814.7231631252794
338.96211114555626,812.9648717217126
336.07029813669095,813.7632560412964
333.214701909494,812.8437071370947
330.35910568229707,811.924158232893
327.43190600425015,811.2672700804333
325.26040896006174,809.1973424036578
323.97503170470424,806.4866588530732
322.25641793071907,804.0277227628366
320.3653565961996,801.6987987561147
318.47429526168014,799.3698747493928
315.963707500731,797.7276357002369
314.4220186231025,795.154078744466
312.88032974547394,792.5805217886951
310.186789264281,793.9014455852008
307.69852468316566,792.2255758485068
305.4331735725032,790.2588058199013
302.5470536964777,789.4400799431817
300.20354209892633,787.5671268225344
297.69197866963765,785.9263803032147
294.83011461272724,785.0265280265803
293.4414361758017,782.3672852398423
292.0527577388761,779.7080424531043
289.87220625495326,777.6476552987176
287.65899059906997,775.6223956954684
285.4457749431867,773.5971360922192
283.68697414112796,771.1667822622846
280.7939224128993,770.3728983300923
277.7993456008096,770.5532028405593
275.9360270242084,768.2020235870584
273.08961424655934,767.254429634336
270.56345315039607,765.6362485207918
268.11292273200644,763.9056703894879
265.7183162918232,762.0985013335794
263.5020497779489,760.0765807764161
260.667700822373,759.093490751024
257.833351866797,758.1104007256318
256.2937566751041,755.5355907043456
253.55537234725665,754.3103351093779
250.81698801940922,753.0850795144103
252.23974870952918,750.4439146163683
249.6464864320054,748.9356073665109
250.04634239988937,745.9623742433018
248.8857843417635,743.1959496566342
247.72522628363762,740.4295250699665
244.75215013571798,740.0285036008762
241.97459839425656,738.8948341942569
239.0227211414986,738.3596513426536
238.51107133299698,735.4036042399403
237.99942152449535,732.4475571372269
236.85576834132647,729.6741012791632
234.45064502539674,727.880952697709
231.57892264378003,727.0130756540434
229.28565116536763,725.0789334859751
226.99237968695522,723.1447913179068
227.2861531698809,720.1592097764429
227.33522725435682,717.159611180925
226.78620338833272,714.2102768840817
226.23717952230862,711.2609425872384
224.48474938996748,708.8259911233972
222.40175550054693,706.6670245982662
220.10191727991312,704.7406954054977
217.44492634760093,703.347713285867
214.46373092703084,703.012342052199
211.73177904472684,701.772810320949
208.99982716242283,700.5332785896991
207.48484495085498,697.943910153452
205.96986273928715,695.3545417172048
205.1887509853465,692.4580154480583
204.40763923140585,689.5614891789118
204.88921049645498,686.6003932472204
204.3444511772149,683.65026828646
205.31556439709664,680.8117934998588
202.42652216333698,681.6201467466223
201.5102264832227,678.7635049723349
199.17358318881702,676.8819901266031
198.7587563252029,673.9108087667356
198.34392946158877,670.9396274068681
196.303320452174,668.7405560413378
194.35553849098594,666.4588581139884
191.82096212206122,664.8538900052434
189.28638575313647,663.2489218964985
189.92077813950743,660.3167646189783
190.55517052587842,657.384607341458
187.71981628848476,656.4044204467824
185.77649977993772,654.1189181064623
185.02943127336187,651.2134252659131
182.74575571937464,649.2679623482194
179.80966811916255,648.652016243531
178.82989256890463,645.8165198370588
179.08364864931946,642.827271126822
179.48964707769488,639.8548705353544
180.80264809776804,637.1574591241516
182.1156491178412,634.4600477129488
181.52043796288115,631.5196865648904
180.92522680792106,628.579325416832
178.67451704282337,626.595817021767
176.42380727772567,624.6123086267019
174.84350273578744,622.0622816553289
172.18594093213378,620.6703889655855
169.21299555728066,621.072378764137
167.8038984273126,618.4238989589817
167.22599854736677,615.4800865110226
168.17102974174475,612.6328218514498
169.1160609361227,609.7855571918769
169.75503111332955,606.8543940929279
168.4366444656458,604.1596108646869
167.11825781796205,601.4648276364459
164.1232644799714,601.6380757400191
162.28379100355662,599.2681944498346
160.95574026208152,596.5781607645312
158.74730007005536,594.5476948282881
157.34549487115967,591.8953482852531
156.50474436355617,589.0155672894196
157.4117978377459,586.1559774595733
159.10567184510003,583.6799340740063
160.79954585245417,581.2038906884393
158.43650625017105,579.3556364207473
158.41659449467954,576.3557025011428
159.73515106015356,573.6610024095472
159.32237197449027,570.689535864819
158.5861496567192,567.7812757838057
157.8499273389481,564.8730157027923
157.85258016259544,561.8730168757047
155.98175359660806,559.5278072987168
154.17245738232364,557.1348076729382
154.0513414338792,554.1372535154571
153.67187059747437,551.1613499746281
153.29239976106953,548.1854464337991
152.85428558671737,545.2176095160708
153.48494558555473,542.2846471968675
154.8010522547527,539.5887497145264
153.35748209705662,536.9589008215653
152.05151290734565,534.2580778959507
150.7455437176347,531.5572549703361
147.79900872316864,530.9934007991296
147.86827569867873,527.9942005580481
146.77423325535713,525.2008027825404
144.85442465458556,522.8955186489891
147.30416149813985,521.1638173475711
147.68702721445842,518.1883486713341
148.069892930777,515.2128799950971
146.74668834117548,512.5204592229929
148.62420459937715,510.1806018127672
148.2405267105835,507.20523775476505
148.8782497559755,504.2738030689199
146.58580863109754,502.3386767968208
146.42432507743652,499.34302610591953
146.26284152377553,496.3473754150183
148.43965563237518,494.2830400893986
149.12644233190082,491.36271065090114
151.64286690161293,489.7294294794707
149.2603928242064,487.90629556489233
148.68621645285904,484.96175459988837
149.18456120290082,482.00343539633616
149.0476999394444,479.00655885657596
148.910838675988,476.00968231681577
150.04466295209625,473.2321937910235
150.78573350563454,470.32516533662573
150.396363225691,467.35054085862913
150.00699294574747,464.37591638063253
149.6723618989401,461.3946377853797
149.3377308521327,458.41335919012687
151.04691662197527,455.94786045677336
153.29524234241725,453.96165013185833
153.33524883738525,450.9619168969922
154.82159138539453,448.35600327026214
156.30793393340383,445.75008964353214
154.19422341129288,443.6211866798634
156.8817112724135,442.2879916467458
157.35144329802637,439.3249945451418
155.6131532580233,436.87992854668164
154.20224324239217,434.2324140655519
155.1493615999084,431.3858430025261
156.0964799574246,428.5392719395003
156.09971129672329,425.53927367975973
158.59832718489017,423.87887654551747
160.4190023906105,421.4945230072864
160.68592550250227,418.5064212599662
160.78946391503933,415.50820849281155
160.8930023275764,412.5099957256569
158.96496132544272,410.21159238984063
157.00685563764063,407.9387478911129
156.67900307617091,404.9567162517875
158.05519728334914,402.29099130271095
159.3080306369354,399.56511372142785
160.85327666033308,396.9936910165476
163.3386058766073,395.31347118368825
164.72448226925192,392.65276702420147
166.11035866189656,389.9920628647147
168.62452597630323,388.35530915227986
168.49637700529547,385.3580474284343
168.3682280342877,382.36078570458875
169.73628859872792,379.69087741177725
172.63729468901596,378.9265714101577
174.26163706889852,376.4043676450115
176.9185403511361,375.01121835335783
178.8773324292626,372.7389653756573
180.83612450738912,370.46671239795677
181.12701567136565,367.480848648433
180.48992107120893,364.54927731714133
179.8528264710522,361.6177059858497
180.19989534005143,358.6378497476778
181.3538209126429,355.8686520709275
181.1763095253706,352.87390839117984
180.99879813809835,349.87916471143217
183.99689813325313,349.9859187233143
185.59183058597966,347.4450152479261
186.7379663478404,344.6725843984036
189.52196979228682,343.55485239952804
191.86287505614584,341.6786427775409
194.20378032000482,339.80243315555373
195.9969194697705,337.39730280782254
198.38981044691346,335.5878629023524
199.2000759386022,332.6993563967377
200.01034143029094,329.810849891123
202.94821600083293,329.2034842617344
202.16567555551512,326.30734364853174
201.38313511019734,323.4112030353291
204.3207777949535,324.0196892362397
204.71823629415897,321.04613467285776
203.4057243554807,318.34848524959557
203.45891779997692,315.34895687709053
204.59389590819822,312.57193964742515
205.72887401641952,309.7949224177598
208.62018724044097,310.5951147950033
211.0290769790663,308.80702916306467
213.50024243809824,307.106046719273
212.19562506762745,304.4045705456476
213.1105669080683,301.54749486785903
212.7435224243844,298.5700331389703
213.82962729784,295.77353958384526
215.55778490001313,293.32130156479997
216.66577997358038,290.5334086477476
217.7737750471476,287.7455157306952
220.75179587268588,287.3830354379062
221.20856037519545,284.41801162868524
222.6777927847452,281.802413011403
224.89984444936923,279.7868519481401
227.12189611399324,277.77129088487715
229.6425684772802,276.14457307377364
232.05651883827355,274.36332529351955
234.4704691992669,272.58207751326546
234.53512046146037,269.58277422511725
237.217726337964,268.2397828955294
239.71659495178585,266.579766133308
241.25952709904192,264.00695436620106
243.95357550984252,262.68706681028476
244.50699039875596,259.73855329314955
246.30388260151776,257.3362255861841
247.9971432538414,254.8597627127914
249.690403906165,252.38329983939866
252.6113768337144,251.6992551357985
255.43259492854293,250.67909413800842
258.25381302337144,249.65893314021835
260.1555439353082,247.3387134224795
262.9098801908977,246.14975093730806
265.4126047232827,244.49555327227577
267.9153292556677,242.8413556072435
270.75942533086106,241.886830848492
273.6035214060544,240.9323060897405
275.4626863181744,238.57784100621475
274.01940351174585,235.94783440153336
275.5397583644467,233.361616869718
277.06011321714755,230.77539933790266
279.63201087872716,229.2309439586957
282.4195870584241,228.12215225490897
282.51313000902974,225.12361099016172
285.0415954337153,223.50903284210898
287.5700608584009,221.89445469405624
289.4091560922153,219.5242798648588
291.0644192631978,217.02225991394135
294.0526507088303,217.28772710086466
297.0408821544628,217.55319428778796
297.392473039952,214.57386821479076
298.3682985090354,211.7370099783101
300.99837675280315,210.2938577231202
303.6284549965709,208.85070546793028
306.4968487161828,207.9718895205949
309.2266710683268,206.72767493872612
311.95649342047085,205.48346035685734
313.3712994554261,202.83802582100992
315.995604430685,201.38440159280253
316.6276313069763,198.45173351958908
319.6233595324078,198.61177226287694
322.04993432116487,196.8477612667183
324.34379774597244,194.9143211749828
327.3433519528534,194.86260502680284
329.38975635068374,192.66892568821643
332.2588697066112,191.7924620261982
335.1703330579916,191.06901116154398
338.081796409372,190.34556029688974
340.31085563768414,188.33775180087315
343.26139470222654,187.7952398391531
346.21193376676894,187.25272787743305
349.10879109824504,188.03261094627936
351.2512494575252,185.93264138013075
353.33501336374286,183.7744180406349
355.7276141355825,181.96459441757312
358.1202149074221,180.1547707945113
360.6602658840059,178.55848102246
361.50117690826835,175.67874689423323
362.3420879325307,172.79901276600646
363.8173277619855,175.41122781182298
366.8170005216882,175.45553734463047
369.7349599063564,176.15232499479882
372.65291929102455,176.84911264496716
375.4025567986535,175.6493236732559
377.6875797853223,173.7054435456773
379.28752544654895,171.1676937784382
380.8859541094443,168.62898824024862
382.6608644673273,166.21037433524444
385.4123305695454,165.01478482025837
388.3149528638674,165.7729298040873
391.1848305129605,166.64688762871955
393.77714803279423,168.15681804975327
395.52272924985004,170.59668407366973
397.26831046690586,173.0365500975862
395.96065456005056,170.33654342550807
398.1885456973533,168.3274388786196
401.1879339571396,168.26685780025232
403.1888656729075,166.03162352420117
406.0371519252426,165.0896758479691
408.85053350754174,164.04809816369388
411.8176322042298,163.6050120274723
414.7847309009179,163.16192589125072
416.58284131153704,160.76050986081722
419.5110479393119,161.41289467444764
422.4644562577818,160.886226558465
424.04346415627145,158.3353964864086
426.9633290907764,157.64663762857205
429.2702755300809,155.72882686465908
432.25906139742415,155.4696762536831
434.54671010266935,157.41046562952732
437.2968384874309,156.2118022625518
439.5871294508943,154.27413167582196
441.87742041435763,152.3364610890921
444.25240991724365,154.16933447838585
446.6273994201297,156.00220786767963
449.29009733504233,154.62016596747557
452.2642477061641,154.2271906884105
455.23839807728586,153.8342154093454
457.79372790979994,152.2624999621147
460.64817477202644,151.33938939954626
463.6459088123736,151.4559682284303
466.5347270265571,150.6468147662234
469.4235452407407,149.8376613040165
472.2814288149008,150.750076492703
472.7774506445283,153.70878606691485
475.7261699132344,153.15646851843263
478.28825605268196,151.59579090468577
480.63151418715626,153.46906112417358
483.26799000856255,152.03762993716524
485.9999134486039,153.27722435380034
488.733810602098,152.04198901018486
491.4604541380017,150.79082354226523
493.73487590479033,148.83455013939997
496.7008020386552,148.38368190093394
499.698703655323,148.49586878421593
502.6517842286456,147.967366061929
505.38159547464613,149.2116050105274
508.31394635159677,148.578108100948
511.15898379624537,147.62639283967107
514.1183270684178,148.11861981724132
517.0575376289114,147.51775270956875
519.7451428009784,148.8507112382104
522.5836961868239,149.82159468935458
525.4864695249346,150.5791611534709
527.4651656648169,152.83410274606584
530.4650052831057,152.865123135251
533.4402958289143,153.24937067008057
536.4041301365044,153.71379095080883
539.0536536044985,152.30665720004157
542.0536379785937,152.31633992617228
545.0536223526888,152.326022652303
548.0122890134719,152.8223003874175
550.9697637731462,153.32563233145586
553.9272385328204,153.8289642754942
556.3918873905861,155.53937533951182
558.6943236595469,157.4625984746093
561.6536470240286,157.95494512528612
564.6129703885103,158.44729177596292
567.5520916989951,157.84598825671972
569.7548705629529,155.80938194314294
572.6825009069568,156.46434802536987
575.5672303314609,157.28795967378198
578.3040009364652,158.516815505678
581.0407715414693,159.74567133757404
584.0404259773311,159.70013821320183
586.7680157426016,160.94923951909797
588.1276052868602,163.62347142212036
590.9134508556494,164.73660414864366
593.634556879925,165.9997676395077
596.3556629042005,167.26293113037173
599.0129737508848,168.6553028709977
601.7732224772939,169.8304739089139
604.5268268991387,171.02113031946948
607.2804313209833,172.2117867300251
607.8747119343121,169.27123736764034
610.8492714454272,169.66110364578577
613.8238309565423,170.05096992393123
616.7455186547626,170.73195523513002
619.5308475420273,169.6175302758939
621.7226435845965,171.66595164557788
623.6190569593872,173.9905196295085
625.5154703341777,176.31508761343915
628.3992468926101,177.1420294258033
631.1113712873943,178.42436372980384
633.5770792670215,180.13324762264222
636.0427872466488,181.84213151548056
638.0340934692543,184.0859451280189
640.8396863726674,183.02356644773667
643.6452792760805,181.96118776745445
646.2314131752983,180.4406906594939
648.817547074516,178.92019355153334
651.5949837963504,180.0541447216486
654.3139977598009,181.32180519139644
657.3139969270029,181.31956984189657
658.5319793874324,184.0611968635912
659.0875044754066,187.0093135296394
660.6564521729983,189.56634366677534
662.3959405781397,192.0105572598106
664.31329770808,194.31788073870723
666.2306548380201,196.62520421760385
669.046641946869,197.659716954498
671.862629055718,198.69422969139217
673.0349273106746,201.4556997349425
675.2048798171104,203.52724652896205
677.865559246332,204.91317039949635
680.8512732469788,204.62074621044601
683.8181157456651,205.06554457823663
686.0688315271478,207.04904614641958
689.0675477572232,207.13680132565418
691.5956045633832,208.7520192009974
694.1236613695431,210.36723707634064
695.5170616508927,213.0240087368216
697.856026969572,214.90263622464775
700.5499304707802,213.58245293200295
703.5488837269615,213.6616953905668
706.2783200113782,214.90675666187417
708.9835055113697,216.20366506674947
707.8860611151877,218.99572806698578
706.7886167190056,221.78779106722212
709.6498927180849,220.88607067979967
711.9436310347196,222.8196591920746
713.9382086405882,225.0605652976862
716.2439038517643,226.9798801736665
718.0731040359858,229.35769990738143
720.7957940786829,230.61744548939325
723.5782815276965,231.73894608951866
725.7591334842992,233.79901520083067
728.3634315653101,235.28818661649885
731.3483590831632,235.58853260558953
734.0514327458092,236.88983686451968
733.5452667723354,239.84682790395442
735.5142718856616,242.1102365863834
738.5100466485163,241.951071357005
740.9935789861673,243.63394601895752
743.6867058454577,244.95571291208526
746.681429586508,245.13356036016913
748.9389761733231,247.10928387532988
751.1965227601382,249.08500739049063
753.0237083800098,251.4643755231121
753.2843702798492,254.4530299651599
755.7832125600552,256.1130863674111
755.6090406526349,259.1080261241784
756.9233178486996,261.80481596617653
759.4995540880174,263.3420234470412
761.4044959199421,265.65960766708224
764.0414961719725,267.0900725113867
766.4895095704256,268.82420929981896
768.9375229688787,270.55834608825114
769.786331561804,273.43576228556714
770.6351401547291,276.31317848288313
770.8129430501607,279.307904869446
770.9907459455923,282.3026312560089
773.0328129041994,284.50034883034937
775.2622467058982,286.50774139879303
777.4001214234631,288.6123771611036
779.2385330835466,290.9830822393597
780.6737524047013,293.6174978292362
782.108971725856,296.25191341911267
784.766518441421,297.64383491639256
787.4240651569859,299.0357564136725
786.9690397096596,302.0010476038064
786.5140142623334,304.9663387939403
789.2458119240716,303.7264672137669
790.7479484113121,306.323308751809
793.4305455569261,307.6663175210819
796.1361591947208,308.9623325067125
798.0533234941547,311.2698162117419
798.6962364364301,314.2001170407789
801.4086335654621,315.48187435572544
803.7183519808669,317.3963457818741
804.2845075804659,320.3424394390824
803.288791298465,323.17237743942064
802.2930750164641,326.0023154397589
803.9116990844223,328.5281927381696
806.1194549099478,330.5594027752801
808.0929412927187,332.8189052641076
807.5930249351484,335.77695929259215
808.5334744710725,338.62574055312797
810.6404243478047,340.76133466646934
812.5302704804337,343.0912448782559
814.4201166130626,345.4211550900425
811.7992253488371,346.88092527096364
813.1108295078056,349.5790161756917
814.0103267362688,352.4409918457468
815.9681184377326,354.7141068128524
817.3876116326418,357.35702926150776
818.6892848108287,360.0599252893248
820.7189541229011,362.26909764195625
822.7486234349735,364.4782699945877
823.3246874162126,367.42244225339306
825.669179441664,369.2941679658292
825.9755675890281,372.2784813379728
828.188435336903,374.3041210715915
830.4013030847779,376.3297608052103
829.7190872818201,379.2511614278902
829.0368714788623,382.17256205057015
828.744231429174,385.1582549017051
831.5684339289818,386.17012457714713
832.4579520052896,389.0352175236188
834.3941482828293,391.32675499327576
834.3287827526884,394.3260427999841
834.2634172225476,397.3253306066925
836.2884051442921,399.5387948410519
836.7340014008083,402.5055176080423
836.6358370511018,405.5039111379924
838.5519299965456,407.8122845532831
840.4680229419894,410.1206579685738
841.6445003659362,412.88035013817233
843.2498992549034,415.4146536731308
844.8552981438706,417.94895720808927
843.7655275230992,420.7440242903081
846.7222168563904,421.2519496651437
848.083775166546,423.9251797278293
847.8793702615316,426.9182080662862
847.6749653565171,429.9112364047431
845.2414497139998,431.66565984782176
845.7515322329654,434.6219777982198
846.0330671963774,437.60873826139334
846.3146021597894,440.5954987245669
844.1913192063245,442.71485464076534
842.8874973601746,445.4167148506027
845.0753155875589,447.4693841868391
847.2631338149431,449.52205352307544
846.067207151689,452.273373100318
848.4322275304435,454.1190920952021
846.899827615011,456.69819087174835
847.6646293004162,459.5990663227116
848.4294309858216,462.49994177367483
845.5868847296456,461.54081155232853
847.1604483752689,464.0950036855035
848.734012020892,466.6491958186785
847.941740450002,469.5426895128067
847.1494688791122,472.4361832069349
849.3851099999057,474.4366603447741
850.2796005186632,477.30020477639255
851.1740910374206,480.163749208011
850.971028940018,483.156868949117
851.0252221593048,486.15637942500854
851.8907703823636,489.02880458044075
852.2028663805145,492.0125264320781
850.9810662276769,494.7524542388873
852.4352294163169,497.37646060717304
852.9495352169356,500.3320467662031
852.3456363823004,497.39345761534753
851.9371165022934,495.4055880940842
