936.5369408840158,503.6684100807188
937.2817075335815,506.5744938093293
938.0264741831473,509.4805775379398
936.6575288985912,512.1500323152101
938.2456900311397,514.6951736113
935.3512691818287,515.484051261556
934.5348141478455,518.3708143584317
932.2938396811822,520.3653151580714
933.1770456947424,523.2323601764853
933.1947355641701,526.2323080207851
933.9961436165036,529.1232845225325
934.0347526544217,532.1230360692762
934.6740494882984,535.0541279406093
935.3133463221749,537.9852198119424
932.6198458827902,539.306225255926
931.0966673115279,541.8907807380249
930.6791846605071,544.861590095102
930.8671936561959,547.8556930688723
931.7689809557826,550.7169479799741
929.6586524015502,552.8492034508761
926.6810073277583,553.2147575707032
926.1512001939604,556.1676044006247
926.7091495200103,559.1152632257875
924.4815182234078,561.1246558719363
924.5469780117662,564.123941622929
925.8660299769749,566.8183992516698
924.8982133480015,569.65799974693
923.930396719028,572.4976002421903
922.5464239922951,575.1592950954106
923.6439562759324,577.9513235491291
924.7414885595697,580.7433520028477
924.5405349473197,583.7366140437863
923.1707959074222,586.4056616197169
922.3978107732696,589.30436718986
922.2304896656343,592.2996974966776
922.7448906290026,595.2552670947223
922.0602087416042,598.1760907307997
921.375526854206,601.0969143668772
920.615315672732,603.9989961988664
919.8243672136923,606.8928518509581
919.2238880759061,609.8321416980272
918.62340893812,612.7714315450963
918.0566627247986,615.7174116417171
917.4899165114772,618.663391738338
915.565816375668,620.9650951656671
916.5096848925705,623.8127454642115
917.4535534094729,626.660395762756
914.6596694974864,627.7531961499923
911.8657855855,628.8459965372285
909.6295467440691,630.8458054891225
911.0678322789834,633.4785483022466
910.0195888589537,636.2894530911651
908.9713454389241,639.1003578800836
909.7408683540688,641.9999844910574
910.5103912692134,644.8996111020311
908.3637013181898,646.99525473924
911.3503452472669,647.2780232680875
908.8466789581272,648.9307952162478
906.6942043738892,651.0204969088846
905.3584851083505,653.7067310840206
904.0227658428117,656.3929652591567
903.2776257347173,659.2989532528188
901.2976091877387,661.5527355124195
899.31759264076,663.8065177720202
900.3056699604675,666.6391319727683
901.293747280175,669.4717461735163
899.6403605005881,671.9750064790154
899.312891111566,674.9570802204332
897.4563275807984,677.3135971111479
894.7425131681312,678.5923509317091
892.0286987554639,679.8711047522702
891.2887786581974,682.7784262428627
890.5488585609309,685.6857477334552
890.2163467952752,688.6672634429058
887.9902062865913,690.6783075586816
887.9181055962653,693.6774410152744
887.8490292249132,696.6766456523276
889.9176990431051,698.8493410252001
891.0128034173975,701.6423226594766
888.1551272760706,702.555387318354
887.701804972043,705.5209393561154
885.4854787372519,707.5427944500766
883.8311361286799,710.0454231747306
881.842374949414,712.2914928468122
879.4319974926589,714.0775724967625
876.6704541345316,715.2496980366187
873.9351969087958,716.4819187591598
874.1267882844821,719.4757946324656
872.2725411371983,721.8341346242373
871.4029051749709,724.7053248466365
869.3965408043721,726.9356840133161
867.3901764337734,729.1660431799958
864.7667757798175,730.6212988306715
863.3774684952484,733.2802131333603
861.4729954750214,735.5981826144424
861.2535746881073,738.590147607264
861.0341539011931,741.5821126000857
858.5712544489069,743.2950417544665
860.3433920921008,745.715687985037
858.0915145079935,747.697870455496
855.7696887206183,749.5976401818259
853.4478629332432,751.497409908156
852.1626391328897,754.2081662201481
849.2288822486388,754.8351196028731
847.8859961563658,757.5177781616874
846.1307167078722,759.9506764451543
844.3754372593786,762.3835747286212
841.9235542126337,764.1122359230386
838.9237437661027,764.078512268385
837.9690562706561,766.9225537213244
835.7204405037434,768.9084356747122
836.4913172606002,771.8077026554744
836.4543314313655,774.807474654883
834.3879058747282,776.9823046295882
832.3214803180907,779.1571346042932
829.3381743896705,779.4731816537222
828.9264915082882,782.4448002707686
828.5148086269058,785.416418887815
827.563607452688,788.2616282520212
826.4588538790136,791.0508072605206
824.3477618402634,793.1823068274746
822.236669801513,795.3138063944285
819.7680883099227,793.6090760874949
818.8485368574994,796.4646714941214
817.6981821633311,799.235354456426
816.5478274691628,802.0060374187306
814.0243940424273,803.6284688474307
812.8993547528967,806.4095273863709
810.7596900733154,808.5123433695117
808.3225321125999,810.2617035595586
805.8853741518844,812.0110637496055
803.9669606368204,814.3175089766203
801.0752060677112,815.1161049395677
798.0834362361715,815.3381708646637
796.2502384227284,817.7129099612357
794.775967063646,820.3256717107623
793.3608445863151,822.9709369855793
790.3668609236576,822.7810374654658
790.0168874111223,825.7605539598864
788.0838516242284,828.0547581021953
785.7279292378613,829.9120759827463
783.3720068514942,831.7693938632973
780.434701872589,831.1592795617944
778.8068132190505,833.6791959357403
776.1032218009207,834.9794241633276
773.3996303827909,836.279652390915
772.6872564047593,839.1938458154192
770.1762713241778,840.8354772981514
767.6652862435964,842.4771087808837
764.8234764069344,843.4384187476745
762.1536375362869,844.8066147880062
760.3209321788494,847.1817339582416
759.7908232973261,850.1345266319203
757.5487466023367,852.127788304101
754.8510236043611,853.44014901145
752.0140928162266,854.415763537446
749.152430713439,855.3162578514032
746.2907686106514,856.2167521653604
746.129470533688,859.2124128488103
743.1300832120148,859.1517853419689
741.0997899884856,861.3603843156377
738.2981207007226,862.433067494403
735.4112813280489,863.2492527897745
732.525117498922,864.0678237100004
730.2873458886742,866.0659173565467
727.7238147614887,867.6242203309234
725.1602836343033,869.1825233053002
722.5787999801747,870.710902231963
721.616193027207,873.5522730022249
718.9738611519772,874.9728652242029
716.2479265795814,876.2255745707864
713.3532466312479,877.0135009612036
710.8966905524118,878.7355149656569
708.5018099033264,880.5423206211262
706.1069292542409,882.3491262765956
703.1453202943298,881.8707202057991
702.4380261650854,884.7861507082697
700.234988210885,886.8224767559233
697.7495479299602,888.5025322936827
694.8076961676285,887.9147328308844
691.8658444052968,887.3269333680861
691.5406133626719,890.3092520581179
691.2153823200471,893.2915707481496
688.3325901096666,894.1219375777916
685.4497978992862,894.9523044074338
685.8226014946387,897.9290505301813
682.9619398497474,897.0253830285811
679.9851289703482,897.3976691930977
676.9856568501071,897.4539452972322
674.0245320328808,897.9353389166395
672.1113121590347,900.2460941426036
669.7083840414125,902.0421833557389
666.788758695128,902.7319571138167
664.2212433101356,904.2836867126282
661.6537279251432,905.8354163114398
658.7197361466707,906.4612695241465
655.8057394583742,905.748091215028
652.8917427700777,905.0349129059096
650.0037829685052,904.2227009972912
647.1078522055058,905.0060176739382
646.59917264256,907.9625773473156
644.5708912996322,910.1730240881195
641.58288668674,910.4410323591402
638.767741035057,911.4778327062709
635.952595383374,912.5146330534016
633.0300065760339,913.191740624774
630.5281831749785,914.8473008531956
628.1293368373553,916.6488380436172
625.2446478742444,915.825084690904
622.2447989183245,915.8551885389367
619.4324236272025,914.8108968067628
616.6200483360806,913.766605074589
615.8180051686634,916.6574054408543
613.0262710336926,915.5591247300889
610.234536898722,914.4608440193234
608.7751053455656,917.0819238619936
608.774538268363,920.0819238083975
606.7903669762451,922.3320492012446
605.8350090295229,925.1758655092424
603.2227799561871,923.7006505186667
600.3378134626006,924.5234313709498
597.4610412279854,925.3744199197257
595.0426773999287,923.5991688402592
592.1221800178902,924.2852410241481
589.1289620093563,924.0836326081821
586.1357440008225,923.882024192216
584.410776712414,926.3365074074612
581.4402509447639,926.7560031329776
578.4697251771138,927.175498858494
577.090486844266,929.839650059384
574.0919076698414,929.9319698010812
571.0920761407804,929.900176763296
568.0922446117194,929.868383725511
565.8084739763681,927.9230324243041
562.8566131288696,928.4583057535534
560.0623952943781,929.5502520404236
557.302226010815,930.7256096566729
554.7023914422308,929.2286593515544
551.7178395853557,928.9246030843547
548.7332877284806,928.620546817155
545.7635815743758,929.0458059831615
542.7938754202711,929.471065149168
540.0256530054968,930.6273283814561
537.0455692833966,930.9724385222423
534.0654855612964,931.3175486630286
531.9077497506717,933.4018174008711
531.9840717198219,936.4008464032358
529.7666796499601,934.3801602800307
527.5492875800983,932.3594741568256
524.564788379102,932.6640468398624
521.5802891781057,932.9686195228992
518.5993447348447,932.6310247566602
515.7134380173363,933.4505016738702
512.886043587391,932.4475855569821
510.05864915744564,931.4446694400939
508.04666166655164,933.6699573622483
505.2599482454219,932.55899907838
502.2715964922387,932.2948896327958
499.2832447390555,932.0307801872117
496.5157332786499,933.1887440538862
493.74822181824436,934.3467079205608
490.7482700126214,934.3297030994913
487.7483182069984,934.312698278422
485.3771671100311,936.1505346354871
483.4192726039604,933.8775082161294
481.2962863009992,931.7578551413459
478.3428436943763,931.2313793400172
475.3894010877534,930.7049035386885
473.5324563944839,933.0611200835201
470.58215730367976,932.5173046048875
467.6343864883809,931.9599472505157
467.5369347173923,934.9583640248036
465.4275457576031,932.8251790313443
462.47871691069673,932.2734468212526
459.52988806379034,931.7217146111609
456.89064805480706,930.295386396835
453.89879512926126,930.5163299912275
450.9156190038705,930.1990600668752
447.9934605443203,930.8780224644196
445.2697219738129,929.6205455463291
442.48165342674525,930.7280986045849
440.0959450221683,928.9091990998484
437.1323224834846,928.4434293625254
434.1324401021398,928.4168643837518
431.2056704601721,927.7580628484953
428.27890081820436,927.0992613132389
425.2810272854591,927.2121961690874
422.2831537527139,927.325131024936
419.59424341685855,928.6554547470919
416.59729657467165,928.7907678104153
413.7237973768958,927.9287919636647
410.8668131735554,927.0135645264321
408.30445362573727,928.5737932108581
405.31038900496117,928.3851744243686
402.63909068426017,927.0198300422364
399.6764990337334,926.5475475926058
396.9645142368777,925.2649180819429
394.621049703665,923.3919060740865
392.2775851704523,921.5188940662301
389.3639090586111,920.8044071767172
386.417457349879,920.2401179529058
383.9173952842076,921.898336776762
381.6412009496394,919.9441261045775
379.5683100443043,917.7754575511607
376.57816194462754,918.0183862279347
374.43043189793343,915.923808550567
371.78632984760236,914.5065138220665
368.80806588954795,914.8669910004759
366.3561115755513,913.138430893892
363.43295574047033,912.4637754530689
360.4362290155903,912.3236721469341
357.5008420016788,911.7043958931024
354.50205116878436,911.7895636132099
351.77014734677647,910.5499259615962
349.0382435247686,909.3102883099824
346.3041842500807,908.0754118455159
343.3260309667875,907.7140214455186
340.8199008857086,906.0649877840334
338.31377080462966,904.4159541225482
337.49757816462557,901.529116826405
335.0826716179986,899.7491655992479
332.1356993298566,899.1876014150951
329.60189684681956,897.581411831965
326.74731330404876,898.5040996433846
323.97795073644613,899.6576294302395
321.1809634333587,898.5727967120898
320.34495442725984,895.6916356715158
319.50894542116094,892.8104746309417
316.75041611813293,893.9896760913953
313.79969609944794,893.4481492025599
311.69344523588285,891.3118656774324
309.51732484287476,889.2467990840426
306.91814401313604,887.7487139681967
304.3189631833974,886.2506288523508
301.9868218937358,884.3635366434073
299.6546806040742,882.4764444344637
297.61750049523715,880.2741962186263
295.58032038640005,878.0719480027891
292.63072198976175,877.5243447718373
290.5705160747183,875.3436220504396
287.74754628283154,874.3283183746387
284.76713103950937,874.6705536407535
281.771225269612,874.5138736551285
280.408963478801,871.8410020133738
277.45838012301743,871.2987309920451
274.80191752301045,872.6927203947179
272.9056565382276,870.368028097318
269.95577311795336,869.8219623441425
268.20850110215656,867.3833068738447
266.29395966358106,865.0736464918887
263.80212108801777,863.4030955308776
261.3102825124545,861.7325445698667
258.41769928940704,860.9369552928245
256.30342880751823,858.8086084391811
254.38236774049295,856.5043679185843
252.46130667346767,854.2001273979877
249.7035309031522,853.0191647395345
248.0693467408382,850.5033264848682
245.06999974822054,850.4407356079334
242.07065275560288,850.3781447309985
240.58252682587522,847.773249105974
238.29601622680065,845.8311190175608
236.00950562772604,843.8889889291477
233.59650460333788,845.6715225350866
233.2704775955868,842.6892907549902
231.26652954721936,840.4567603029147
228.8256498050758,838.7125968689461
227.21131701856825,836.1839747828275
226.05405020853863,833.4161717677262
223.14015362998268,832.7025845414672
220.22625705142676,831.9889973152082
218.78288579029405,829.3590392542238
218.26085227192544,826.4048082196398
217.21378300593568,823.5934658441508
214.26139972299737,823.061081630799
211.30901644005905,822.528697417447
209.16879151469854,820.4264516494966
207.86598727100917,817.724100617039
205.24611711298178,816.2624986345973
202.62624695495438,814.8008966521555
199.63705058404796,815.0552685377086
197.67889578401025,812.78246635118
195.04469473357,811.3468533023888
192.41049368312974,809.9112402535976
191.65083536657252,807.0090136528503
190.8911770500153,804.106787052103
189.4924531797341,801.4528142687636
187.89672584311293,798.9124099176495
185.0165840765518,799.7519237081914
183.28701123203854,797.3006836596604
182.4531406503596,794.4189029856656
181.97253719331263,791.4576498190021
179.8320954707228,789.3556247877057
177.72141418676924,787.2237184770137
175.61073290281567,785.0918121663217
172.99374043027893,783.6250639266138
170.15672854211564,782.6496852583931
167.63500789915213,781.0245929536758
166.85745909292092,778.1271082075677
166.48907644067032,775.1498117457553
164.33861742928565,773.0580359355035
162.18815841790095,770.9662601252518
164.5126806996,769.069790731382
162.38256012768562,766.9573072760368
160.25243955577125,764.8448238206915
157.29918694198153,765.3723643396512
154.79306859896442,763.7233128393052
151.98338150822553,764.7748157884856
152.15513214429916,761.7797362037319
152.3268827803728,758.7846566189781
151.73143367405717,755.8443436489378
148.78361702247554,755.287228769709
147.20118739207922,752.738519985865
145.6618063853839,750.1635819057889
143.45625772101732,748.1299754814504
140.592101989903,747.2374442786765
138.57787760319928,745.0141808844725
138.18389424692083,742.0401638846932
136.19635439569748,739.7930133913352
134.18624534059182,737.5660285268643
132.17613628548614,735.3390436623935
133.09763335388828,732.4840755096943
134.01913042229046,729.6291073569952
131.42359061009128,728.1247227375281
130.01859663389953,725.4740639652858
127.20034434000648,724.4457381375607
127.86032214631037,721.5192335168252
125.4903935115492,719.6798210383041
124.19043050390297,716.9761020849454
122.0802657382262,714.843684522249
119.75517489664823,712.9479122314898
116.87095872446115,712.1225050155688
116.36331985336402,709.1657664785062
114.58274913660874,706.7513166607146
114.438766828278,703.7547738035394
114.29478451994726,700.7582309463642
113.73862207792463,697.8102344507619
113.182459635902,694.8622379551596
110.33042599593604,693.9316982641724
108.20126477375233,691.8182478886137
105.27689044285275,691.1488938920053
105.50527199422062,688.1575995455735
105.1380659853933,685.1801577330302
105.08967110539216,682.1805481024967
106.9296385701912,679.8110503226959
104.25326862600465,678.4556743889215
102.55506080929717,675.9826013590103
103.72060209227973,673.218272594615
102.20568911283473,670.628863653426
101.00277177098361,667.8805933121616
98.72229997269363,665.9313759365967
96.76873729203292,663.6546254336365
94.81517461137221,661.3778749306763
94.77350851442442,658.3781642885701
94.12049767272026,655.4500972059
92.95882381043631,652.684140981068
92.6943158031119,649.6958244794134
92.4298077957875,646.7075079777588
92.53240554457238,643.709262874045
91.84279410694779,640.7895991836351
90.10861155741867,638.3416182023143
88.37442900788955,635.8936372209935
86.7199677590516,633.3910869265751
84.17375295739916,631.8046474591367
82.35057640587884,629.4222060092819
81.51786898436306,626.5400890182226
81.49031939864999,623.5402155175018
82.68003532169648,620.7862046202014
83.66521372577446,617.9525808780404
84.65039212985243,615.1189571358794
84.70916598968661,612.1195329189004
84.71451862921731,609.1195376940292
84.56564333498162,606.1232339466153
81.88420308676135,604.7779168110578
79.03321689593777,605.711660747977
80.65482905598569,603.1877007636697
79.11321359572845,600.6140998286575
77.57159813547123,598.0404988936452
78.13443205581632,595.0937688452511
76.35912302418657,592.6754475592733
74.58381399255686,590.2571262732953
74.01363047540856,587.311809523475
76.05926622565686,585.1174133930313
74.16738720272873,582.7891535787913
72.75003076613517,580.1450846062328
72.99010713247323,577.1547061455149
71.21914417762325,574.7332003717144
72.14762574486335,571.880496044362
73.07610731210343,569.0277917170096
72.37456650594956,566.1109714453265
70.39050602099343,563.860748347046
68.40644553603732,561.6105252487653
67.80539017284764,558.6713531799029
69.4817075840191,556.18339017033
71.90054891463598,554.4087897597306
70.91790363725043,551.5742865830113
69.93525835986489,548.739783406292
67.72788415169106,546.7081586611461
69.20424832826873,544.0965789058795
67.88304426725512,541.4031758856909
68.55660094813808,538.4797666776535
68.86793657851267,535.4959653898229
69.17927220888727,532.5121641019923
71.39662908630362,530.4914393611692
73.61398596371998,528.4707146203461
70.70974349777796,527.7187999316886
69.56411038716153,524.9461613371619
70.15689399686757,522.005309829169
69.28906070014285,519.1335742269424
67.74651845335107,516.5605286741271
68.92672848207053,513.8024307266079
66.64159963641787,511.85867504268924
65.3080854494952,509.1713455293478
65.47857477967608,506.17619388238654
63.72398364417704,503.74279914514636
66.43093572180263,502.4495820522194
67.10745436951825,499.5268568651221
69.5833077571489,497.83270515911767
66.82514665695726,496.6526427262822
65.36409139948213,494.03246763010935
63.903036142007004,491.4122925339365
64.09142575151328,488.41821348437384
64.27981536101956,485.42413443481115
66.1906828786891,483.1114335613916
68.10155039635866,480.7987326879721
67.53385438596665,477.85293547163405
64.8915545943573,476.43228357505234
64.79369997213139,473.4338799209542
62.35943080352134,471.68050214798154
63.35624358207592,468.8509501897185
65.29308463933349,466.55995767141525
65.38274897807767,463.56129791973325
67.47298143867663,461.40933875175205
66.70945664107943,458.50812695606146
67.4897005113535,455.6113667825401
69.2828969468897,453.2062791451388
68.98224234384278,450.2213826964045
69.81926267160519,447.3405152973539
70.1739782324251,444.36155962952125
70.52869379324503,441.38260396168863
70.06384218893511,438.41883727283295
72.0428469256244,436.16416650924873
73.34494004789791,433.46147276024055
74.1974509114046,430.58515128523067
73.72659543738088,427.6223325053216
73.25573996335717,424.6595137254125
74.260454921503,421.8327580138453
73.42125106583228,418.9525259244769
75.63857593665945,416.93176606313483
75.74538787371966,413.93366813109503
74.5749366946535,411.1714146964112
75.03212238325148,408.2064558019
76.7613134566237,405.7549464236251
78.90138751577835,403.6525470749443
79.14323751322938,400.66231153593856
77.15346613599847,398.41713673954683
77.17637511067946,395.4172242110089
75.56035832786839,392.8896780180239
76.79151474141929,390.1539415750579
79.43080008882137,388.7276972569312
80.11070283175923,385.80575744575344
80.7906055746971,382.8838176345757
83.73575005511306,382.3127449689057
84.15654751467366,379.34240332222134
84.57734497423425,376.372061675537
87.05503443106205,374.6805963476262
87.74932726185519,371.76204234519463
88.4436200926483,368.84348834276307
87.94652387328432,365.88495908843856
88.95633433493533,363.06001964987706
89.96614479658633,360.23508021131556
88.85818310842394,357.4471740260998
89.25381710927202,354.47337616185735
89.70999659080424,351.50826228872717
90.16617607233647,348.543148415597
92.75454163364857,347.0264534162601
93.38593833285441,344.09364960280243
94.22292354491654,341.2127720013085
95.05990875697867,338.3318943998146
98.04228383337725,338.00718082806776
98.57244229779619,335.0543970563356
98.23388813645126,332.07356142184716
97.89533397510633,329.09272578735875
100.50599054011685,327.6147297455618
101.19164432263393,324.69413410588146
102.2832102090493,321.89976764537306
103.37477609546465,319.10540118486466
106.3552784578282,318.7639254639924
108.44035325776429,316.60696856162474
109.64018322956507,313.85734894451974
110.36124092419765,310.9452919737496
110.41108062993297,307.94570600169743
110.46092033566828,304.9461200296453
111.11894206352848,302.01917496598867
113.93864862500433,300.99484352198726
114.96923311782386,298.17741639725807
115.99981761064339,295.3599892725289
116.70496518644399,292.444038844908
118.53547340840082,290.0672259264501
120.36598163035764,287.69041300799216
122.39101775942046,285.47699287706575
124.7829001669691,283.6662199624077
126.29008246375226,281.0723037100465
126.09989259136594,278.0783384777097
127.47625769710848,275.41270176283376
125.51958782852229,273.13862106387717
127.88311726535714,271.29099323305866
129.32646688346483,268.6610232940844
130.77059807273878,266.03148243907447
133.35971223093037,264.51606570568003
135.6613165909666,262.59184706689126
137.96292095100284,260.6676284281025
140.73049254541087,259.50980829102343
143.4980641398189,258.3519881539443
143.46320359373803,255.35219070372756
143.42834304765717,252.3523932535108
142.2676330438539,249.58603241532086
144.40141860695238,247.47725097318124
146.53520417005086,245.3684695310416
149.03386016898466,243.70813275827769
151.98182506141902,244.2644626900398
152.77915751624477,241.37235948363767
154.30116606681275,238.78711481978127
153.58711220465185,235.8733325557929
153.71250073007718,232.8759540815772
155.701391562856,230.6299992166504
157.13367683612753,227.99398728648592
157.3675473069412,225.00311707818844
158.46166010490734,222.2097468583059
161.46163005001873,222.1963182162148
163.05128234869755,219.65210801080622
165.95958035015047,218.91603550436074
168.8678783516034,218.17996299791523
171.7392307968878,217.31086281096358
174.6105832421722,216.44176262401194
176.8593992124661,214.45610738410974
179.10821518275998,212.47045214420754
178.82406121428548,209.48393970957744
181.40653692122885,207.957237635482
183.98901262817222,206.43053556138653
186.4886478251081,204.77167333617334
185.97984506484093,201.8151348616825
186.3107952492306,198.83344541181478
188.31880903589877,196.60457111465252
190.87376588668874,195.03224942663783
192.71254854645747,192.66183209415524
194.45432319603225,190.21924717851797
196.69487420734018,188.22427069601824
198.9354252186481,186.2292942135185
201.2026992042009,184.26474116652906
203.46997318975372,182.30018811953963
205.836203717395,180.45602080336184
208.20243424503627,178.61185348718405
210.62618967487882,176.84397068102615
212.99436208675436,175.00229768409332
214.3093766884244,172.3058673405846
217.0724869404106,171.13744030590564
219.81673018221076,169.92536397586935
222.36634089632602,168.3443879461748
225.23649218933187,167.47132921089013
228.10664348233772,166.59827047560543
230.12366980788573,164.3775487906466
230.42400516077834,161.39262020258911
232.929006165203,159.74187189717384
233.92247234693025,156.91114320198523
234.91593852865753,154.08041450679661
237.43646259228146,152.4534669216874
239.89930729107513,150.74045904382348
242.3621519898688,149.02745116595955
244.03647314149308,146.53814429833082
243.85603566770038,149.5327131016899
246.42690822123865,147.98655194790817
248.8011224263789,146.15267438707968
251.74117644425223,146.749400766576
253.52680709749973,144.33869066990678
254.19025752756266,141.4129713520553
255.36713241032476,138.65344865594938
257.3642235015748,136.4147822732006
259.3613145928249,134.1761158904518
262.19769634911665,133.19890632614366
265.14982731037327,132.66512473448842
268.1019582716299,132.13134314283315
268.2800549990059,129.13663421612625
271.1122495205814,128.14735458328315
273.9444440421568,127.15807495044005
275.47029151891235,124.57509421538245
278.1102000015582,126.0001848101358
280.5896935777079,127.68900439962202
280.8537536791675,124.70064828583351
282.9835481854804,122.58783609330924
285.1133426917933,120.47502390078498
288.04707554019035,119.8479580555692
290.9808083885874,119.2208922103534
293.50477273315494,120.84249758384958
294.9915188009408,118.23681415527977
297.2787559632576,116.29553978947854
298.823536605831,113.72383748043684
301.5199741535598,112.40883765108393
302.49578312577916,109.57197374004832
305.4957383347912,109.5883671509617
308.49569354380327,109.60476056187508
311.46914428664445,109.2065261084469
313.74173279458665,107.24812332210055
316.47179667297706,106.00443878818213
318.67275529361973,103.96586547573571
320.8737139142624,101.9272921632893
323.84320062070594,102.35408098724682
325.8372617782846,100.11271530984472
327.83132293586317,97.8713496324426
328.16690507985186,94.89017794590123
330.2300852561685,97.06808693391108
332.89367388773934,95.68776247865918
335.2307791472808,93.80682148920108
337.8090624537776,92.27304993142589
340.80500368284487,92.429050418524
343.7776311460225,92.02471644126997
345.8939982384122,94.15097849714405
348.4641755540408,92.6036619276509
350.1475137085316,90.12044372184708
353.0936401008331,89.55445849184137
356.0266535994395,88.92403655615638
358.6805899425238,87.5252435454302
361.3345262856081,86.12645053470402
363.9521233153753,84.66078147596191
366.2927598009764,86.53732639742603
368.6333962865775,88.41387131889014
370.5651012689513,86.11854653553762
373.1529224205191,84.60092283794374
371.8108243495317,81.91786995589838
374.3818464517602,80.37195749076582
377.3185238186233,80.98508557114877
380.2552011854864,81.59821365153172
382.60808748967315,79.7370511009816
385.6021457515665,79.92577079891451
388.4246355022241,78.90913339677306
390.67187400183195,76.92169305153497
393.3308829397362,78.31081920424583
396.1397927135756,79.364396862717
398.8949662579198,80.55141781474184
401.650139802264,81.73843876676668
404.14352849249127,80.0702023208614
406.5469462607473,78.2747683813272
408.7848906604071,76.27686826770008
411.70328487564257,75.58190409273857
414.62167909087805,74.88693991777704
417.62072671592625,74.81135326093386
420.4902377464303,73.93619244953088
423.35974877693434,73.06103163812791
425.39915925226006,70.86084871093034
427.4385697275858,68.66066578373277
430.3424846443527,67.90748708237518
433.3404951047382,67.79824753175782
436.3385055651237,67.68900798114045
439.30998306232016,68.10170821575984
442.22020841205364,67.37329321470037
445.19637654303557,67.75068327303215
447.9611579114381,68.91515052672986
449.8904984938029,66.61783798437955
452.87226942187044,66.28762270228133
455.58716096792597,67.56408809278601
458.5574367140133,67.98535047207632
461.2597548734263,69.28822290071496
464.17475351502105,68.5791510288284
467.0897521566158,67.87007915694186
470.03869574859186,68.42119773886719
472.89922023820634,67.51709617138947
475.7597447278208,66.61299460391174
478.4174737015843,65.22142114123794
480.87901389013916,66.9363030322524
483.8309573347945,67.47112066430674
486.6778709832296,68.41720875658686
489.25610844029654,66.88336012814376
491.83434589736356,65.34951149970068
494.4320536367736,66.85014953087577
497.3888480487969,67.35746285124888
500.34564246082016,67.864776171622
503.0852922865773,66.64235282751045
505.82494211233444,65.4199294833989
508.6673063837062,64.46026008781041
511.52765895417025,65.36490541756118
514.3027963453087,66.50447220380273
517.0779337364472,67.6440389900443
520.0490427465938,68.05938372616829
522.7202610553935,66.69388281194915
525.7104782111928,66.93595999212822
528.6640344910611,67.46179770630515
530.7639664810769,65.31930251674032
533.739315389928,65.70309786663175
536.7146642987792,66.08689321652318
539.7132500690961,66.17899847181803
542.7130357716699,66.14314127401299
544.1611947539874,68.77046606587504
546.8834591882044,70.03113110869869
549.8596186552942,70.40858948581045
552.7150613379654,71.32861507566098
555.6641792453472,71.87880010668188
558.6132971527292,72.42898513770277
561.6046770695114,72.65624312649969
564.5959679412895,72.88467018360322
567.5872588130676,73.11309724070676
570.5119480426409,73.7810739696559
573.3022756526988,72.67922469296282
576.0726130064927,73.83041144852164
578.8429503602866,74.98159820408047
581.8241786017719,75.31667755613122
584.6006932962935,74.1804706422702
586.7326753526621,72.06986586843831
589.1702668784525,73.81862187011356
591.6078584042427,75.56737787178882
592.5042204003375,72.70441870827341
595.5041692385249,72.7219392179183
598.3649389146829,73.62526466313471
601.2257085908408,74.52859010835114
603.9501829041808,75.78447215534052
606.4938300516652,77.37502526325436
609.0374771991496,78.96557837116819
610.1968522437286,81.73249895297162
613.1776266924752,82.0715913971506
616.1766821999931,82.14686465153926
619.1757377075111,82.22213790592792
621.8816120274179,83.51760854043454
624.5536898139575,84.8814268211016
627.2257676004971,86.24524510176867
629.4850836892781,88.21894487908419
632.3825900292827,88.99641321260847
635.2800963692873,89.77388154613277
638.1560732679188,90.62755412888221
641.0983683225224,90.04197765082372
643.5153137164043,91.81915939813976
646.1807645395913,93.19588446480041
649.1149055224242,92.57073112932129
652.0389671869334,93.24144968590666
654.6920879770788,91.8411104152661
656.2539335924129,94.40248470924614
659.2532703883802,94.46556231506985
662.0649850139029,95.51163155972924
662.9657190531403,98.37321821586234
665.9570021198883,98.60174745816408
668.9559099582939,98.68269050449608
671.4753523431208,100.31131264285034
673.2630242735437,102.7205094113145
675.0506962039666,105.12970617977867
678.0049628174561,104.60787404544688
680.9592294309456,104.08604191111509
683.8545642979224,103.30052551531654
683.7850547227431,106.2997201437057
686.04118215466,108.27706407204802
688.2973095865768,110.25440800039034
691.2360771299192,110.85743812086307
694.1748446732615,111.46046824133579
697.1136122166039,112.0634983618085
697.9291973243884,114.95050735589912
700.8269165658941,115.72718180340459
702.7348345988956,118.04231652504549
705.6368035061239,117.28167438745336
708.3685260228282,118.52171152065982
711.1002485395325,119.76174865386629
712.8488147092976,122.19947635604161
715.3158297910792,123.90647271991067
717.7828448728608,125.61346908377972
718.8436944745118,128.41964051879162
720.9225071111395,130.58263335784525
723.7558930974309,131.56849534244913
726.5892790837223,132.55435732705297
729.5277348238894,133.15890497867298
732.5238897801271,133.31074528363942
734.8177892701875,135.24414258618754
737.1116887602481,137.17753988873562
737.2566985185421,140.17403320092563
740.2564208796704,140.2148468769044
742.8532286172881,141.71704179563133
745.4500363549057,143.21923671435826
748.1598420661096,144.5064635815136
750.8696477773135,145.79369044866894
752.4686346969089,148.33204440959773
754.0676216165042,150.87039837052654
753.325748484067,153.77722211051628
756.3253350913329,153.72742064958513
759.19986697627,152.86889491177627
761.9652697994998,154.0318855502909
764.3901175703093,155.7982697917288
766.6884873832977,157.72635075547066
768.9868571962861,159.6544317192125
771.6800553095884,160.97605342095062
773.1663821215119,163.58197602305478
774.6527089334354,166.1878986251589
777.6179835211847,165.73276499725577
779.3534297539044,168.17985027842988
781.4592705357635,170.31653804257766
783.5651113176226,172.45322580672544
785.871854624565,174.37128089349335
788.3531841508102,176.05740182100237
790.8227745507701,177.76067022510847
792.2314764330603,180.4093602799907
793.6401783153506,183.0580503348729
795.3737148952756,185.50648880174558
797.9215943093719,187.09025345952278
800.4694737234682,188.6740181173
801.3444683221527,191.5435798351017
804.3312817921508,191.26260778055135
807.3180952621489,190.98163572600103
809.2004612379809,193.317593416763
810.7325255518385,195.89689156513668
811.0636863162769,198.87855763431622
811.4818781222375,201.84926724877323
811.9000699281981,204.81997686323024
814.8971957603488,204.68868807370367
817.557573491391,206.07519098685418
819.8421793157505,208.01956138040134
821.8161787366889,210.27861567061544
823.7901781576273,212.53766996082953
824.7614030538227,215.37610653771657
826.8610440654659,217.51888688628853
829.1069545290904,219.5078278581079
830.523414821085,222.15237701461885
831.9398751130796,224.79692617112977
834.1374002761252,222.75465215479866
836.8515038220459,224.03279218704117
839.4951044139308,225.45102203815327
839.9229774788716,228.42035271025736
842.9165959814738,228.61592433621036
843.274790864169,231.5944636470154
844.9286828141346,234.09739021762005
847.6586512713146,235.34128419332782
847.7998861850498,238.33795779903502
849.8856520590629,240.49424644362844
849.1128644059019,243.39300466795862
850.2631216971546,246.16372806879096
851.4133789884074,248.93445146962327
854.2294824803317,249.9686473518291
853.0795721443786,252.7395147646203
856.0657525922265,253.02713662208433
859.0022561809974,253.64109645231414
860.8542890114645,256.00117577192856
863.6794637613256,257.0103277093234
863.1630557069116,259.96554728176403
863.0668780611361,262.9640051955012
865.439399028748,264.80007280271013
867.0462887296554,267.33343134210355
868.3397376978039,270.0402726316504
868.2429503640817,273.0387109271687
868.9049836020362,275.96475125359
870.5389115520916,278.48075591456103
872.172839502147,280.99676057553205
875.0870810674014,281.7089375895835
876.2500141028619,284.4743646370817
876.5576544685832,287.45854918321464
877.446359147332,290.3238945365656
880.0003040923722,291.89785934484553
880.9108875548617,294.7563270738641
881.8214710173512,297.61479480288267
884.7025772540527,298.4509926579622
887.5836834907542,299.2871905130417
889.9361499232867,301.14888374335857
888.4827706794453,303.77332440254116
889.9531700544034,306.3882671701984
891.2598217007874,309.0887599909631
892.5664733471714,311.78925281172786
892.3951168642174,314.7843549728819
892.2237603812633,317.7794571340359
889.580605045387,319.1985166361106
891.498050990822,321.50576630754506
891.6157405858158,324.50345694522434
894.5780745300158,324.9773531395968
897.159870945188,326.5052036789506
898.944399429646,328.91672977007175
900.5359701909654,331.45974029142496
902.4611425343744,333.7605469865154
904.4754315405512,335.98375183528566
904.1836230334578,338.96952607242883
904.3953399363014,341.96204607287166
906.1324131657177,344.4079766924202
907.1530527928613,347.2290216675144
908.1736924200051,350.05006664260856
908.062274217161,353.04799692599994
909.5074541281555,355.67696155582246
910.9526340391499,358.30592618564503
909.0289499644939,360.6079773538242
910.173919698383,363.38088995765395
910.5335183086663,366.35926012260694
910.1689383932602,369.33702463399504
908.8655632498808,372.03910036121306
910.665913461014,374.43883766293436
913.6348282561125,374.8695869397127
915.6304283026116,377.1095825768542
916.116718744218,380.06990715473455
916.6030091858245,383.0302317326149
917.6582627575555,385.8385123274538
918.9339916132034,388.5537500494346
920.0477432672092,391.3393482353184
921.1614949212149,394.1249464212023
922.6694911561068,396.7183895679768
922.5304779247538,399.715167057466
924.6681856561568,401.8199724297273
925.8847639548545,404.56222282732733
926.476654581359,407.50325419170554
925.33459889422,410.27736824982816
926.7872268244249,412.9022248356988
928.23985475463,415.5270814215694
925.2488236419954,415.29527787704944
925.7948463095423,418.2451692727664
927.1153099065936,420.9389353889804
928.9988143624986,423.27397520975126
930.7547145053844,425.70642555625653
929.5624402158875,428.45932984420494
928.6564248440051,431.3192487496833
927.2580292662989,433.9733945271891
927.3494860134163,436.9720001470409
927.4409427605336,439.9706057668927
930.268637888764,440.9726737594869
929.9874505475765,443.9594669694624
931.6011045497926,446.4885222794808
933.2147585520086,449.0175775894992
933.3350481537178,452.0151650213718
932.4318266599616,454.87596751948604
931.8801866053844,457.8248136073967
930.8787146015077,460.65271986918316
931.4230687237016,463.6029196233779
932.5124350313403,466.3981443098354
932.792027369051,469.38508724948014
933.4761593525313,472.30603973611517
932.6494056399437,475.1898702267513
933.4893359482585,478.0698905525779
932.345182604772,480.84314011339796
931.2010292612857,483.6163896742181
931.0126756921723,486.61047099125045
932.3736213405803,489.28401301300346
933.0993178527214,492.19491743813774
934.3646591469558,494.9150114455399
934.6254782897548,497.9036521691381
934.886297432554,500.8922928927363
937.0877854938361,502.93029444230206
936.6242950571975,505.89427430308797
937.2062916095949,502.95126903414985
936.5369408840158,503.6684100807188
