891.0927847375574,498.579609581681
889.068748829965,500.79394439032586
888.1772325306927,503.65841618947695
887.2857162314202,506.522887988628
884.5251309853053,507.6972682928448
881.6999286241606,508.70634292763776
882.2570440107032,511.6541594833409
882.8141593972458,514.6019760390441
880.0304543900947,515.7204510871171
879.7383179446708,518.7061932557002
877.3787098939835,520.558826475507
877.6540925967162,523.5461604653775
879.9462584533832,525.4816127860329
882.1071386088764,527.5626214245531
883.635562930289,530.1440782019782
883.2822034455818,533.123195029927
882.7827952252288,536.0813348896098
882.2833870048759,539.0394747492926
881.783978784523,541.9976146089754
880.8721271245213,544.85567803552
881.850511998908,547.691654593528
883.7818195517762,549.9873137877977
884.6505198691716,552.858787235099
884.1098203582561,555.8096589772958
883.842262955277,558.7977039963863
882.983447243191,561.6721492598545
880.1950589526666,562.7788970817481
878.3028856641564,565.1069177531015
877.730041751068,568.0517182304237
877.0501631511903,570.9736636593167
878.0377394977295,573.8064525606923
877.3548279177878,576.7276906156925
878.1477385678669,579.6210092467788
877.8399873901657,582.6051823671966
877.5322362124645,585.5893554876143
876.2200151000816,588.2871463898557
876.437753686394,591.2792342742653
875.0073949601508,593.9162920882428
876.8405929980443,596.2910310115486
876.4675988265409,599.2677532606045
877.075910545147,602.2054320812053
874.1855175314749,603.0089420229704
872.027908743826,605.093342253123
872.5440753955165,608.0486039991757
871.5374341136295,610.87467429724
869.0755707570715,612.5890922199288
866.6137074005136,614.3035101426177
865.5508007642381,617.1089030709901
864.4878941279628,619.9142959993625
864.3342790018202,622.910360483485
863.7471514109759,625.8523464100437
862.9335825730277,628.7399242437859
861.5756975971059,631.4150220723085
860.2178126211841,634.090119900831
861.3256394882053,636.8780796625038
859.3824097995675,639.1636558211992
860.1353998704494,642.0676196558833
858.2819040589118,644.4265501925063
858.30393449779,647.4264693013762
856.5629211156707,649.8695968877461
855.3110815481907,652.5959310010365
854.6717945652213,655.5270250209215
853.5634325142161,658.3147720617937
853.6252028490827,661.3141360653336
850.9668652033894,662.7045464225625
850.1729988603519,665.5976029773834
848.4274828856961,668.0375156770966
846.6819669110404,670.4774283768098
843.7512856458924,671.1186048908138
841.6376098656538,673.2475423478643
840.1746529268881,675.8666561283858
839.6434620694426,678.8192543524872
839.1122712119973,681.7718525765886
837.6420879835782,684.3869168730974
837.8480573503839,687.3798379579137
836.6573815528344,690.1334339967563
834.4642887583957,692.1804669703503
832.6543280256493,694.5729640227866
831.500282148776,697.3421115656365
830.9960177261287,700.2994274757233
831.3582692279043,703.2774761404468
828.3990710133686,703.7705744339833
825.5066843439638,704.5668779908317
822.6930877477081,705.6078747216327
820.1978829817199,707.2733936124862
820.5892495539389,710.2477560998353
819.3354776050624,712.9732021000729
818.7602233994621,715.9175326859513
815.997929187361,717.087887626041
813.9077464325701,719.2398950729554
811.7002542126747,721.2713915900829
809.4927619927794,723.3028881072105
811.0030594796777,725.8949917897564
808.4351016870879,727.445989138393
805.4361416637433,727.3670032005249
803.4864484370576,729.6470681824532
802.731932422454,732.550635916071
802.0150810502996,735.4637311960507
801.6565764182379,738.4422332405003
800.9178901895199,741.349868474759
798.3359097731258,742.8774080419576
797.0853217104672,745.6043164558093
795.8347336478085,748.3312248696611
795.3140031929565,751.2856858684543
793.102247420735,753.3125396875653
790.8904916485136,755.3393935066763
790.1402728820873,758.244074522296
789.390054115661,761.1487555379158
786.5751411875433,762.1861875632147
784.9041673601827,764.6777425933668
781.9310198122956,764.2772508225485
778.9318729020993,764.2057119445896
778.1961779673003,767.1141054810477
778.497775476583,770.0989068048202
775.9607420929519,771.6999881926146
773.680700788178,773.6497091081625
772.6841444535185,776.4793513950691
771.6875881188589,779.3089936819757
769.3438661054308,781.1816834917875
766.3541499012041,781.4298709575952
764.2502398935972,783.5684599035807
761.3646099851081,784.3889110180497
758.4789800766191,785.2093621325189
758.1502742483606,788.1912998378489
758.9190699212668,791.0911193517705
756.0285927620329,791.8943265429406
753.5236129479104,793.5451070040675
751.0186331337877,795.1958874651945
748.0725616593883,795.7621584848746
745.1264901849888,796.3284295045548
747.7993984466922,797.6906194415745
750.107819222705,799.6066553287312
747.2162695009837,800.4059926835531
744.2995951356673,801.1081398523908
741.3595698805254,801.7050079275364
738.4195446253835,802.301876002682
736.8526466786834,804.8601626997953
734.6017281349392,806.8434341661933
732.350809591195,808.8267056325914
729.8093599714293,810.4207676860237
727.0848333856721,811.6765363285301
725.803079054582,814.3889348675968
723.1880706386637,815.8592174882779
720.3686070323854,816.8842174750447
717.8000252508278,818.4341812267018
716.644336548785,821.2026435479137
715.488647846742,823.9711058691256
712.5086219700563,823.625496589326
711.7874043870657,826.5375139653017
709.0014424566851,827.6503554286152
706.0262778382478,827.2651340725117
704.086534692924,829.5536699647733
701.1400545898329,830.1178109064604
698.7825951109385,831.973177394616
696.4251356320441,833.8285438827716
693.5997974838718,834.8372382609073
691.7884223103271,837.2286646094836
688.8109261127014,837.5954293748644
685.8351821625988,837.2147090793347
682.9398663893146,836.4291223094796
680.3631602639203,837.9655420253631
677.7864541385261,839.5019617412468
675.6734398345319,841.631555728634
673.5604255305377,843.7611497160212
670.9367343952699,845.2158815905319
668.3130432600021,846.6706134650425
665.3808843078683,847.3049981113113
662.4487253557345,847.9393827575801
659.4525464442427,848.0907496308766
656.5290610511332,847.4175236983134
654.0535399061858,849.1121608455867
652.6931351198261,851.7859781200558
649.8762398547607,852.8180154573901
646.9636693421779,853.5369959920592
644.0510988295952,854.2559765267285
641.7775117774682,856.213219975153
639.0767149932087,857.5192432253799
636.5996131243679,859.2115689420743
633.7005819755069,859.9833321168459
631.1288029015806,861.5279849564557
628.5924357955536,863.1301216246161
626.0560686895265,864.7322582927765
623.0636876361709,864.9459300773411
620.5428989435115,866.5724676167052
618.0221102508522,868.1990051560692
615.7263324040347,866.2678386489906
614.0369753560714,868.7469660689706
612.3476183081079,871.2260934889505
609.9642469849578,873.0480542832556
607.0231456517189,873.6395971368349
604.08204431848,874.2311399904141
601.5625558292511,875.859690804065
599.0430673400222,877.488241617716
596.5235788507932,879.1167924313669
593.557015008631,878.6701393552827
590.5904511664687,878.2234862791985
587.621122536616,877.79559904179
584.6233052531487,877.9100172874729
581.9163877733445,876.6167277771426
579.8421870015585,878.7841435559728
576.8476936394155,878.9658287344598
574.2095752808863,880.3942304729043
571.3158567158932,881.1856803238833
568.337882903048,881.548546649144
566.4343997274849,879.2297642530689
563.7425138286168,880.554056632974
560.8433935996848,881.3254851119642
557.8629182881501,880.9837733659962
555.0232543141586,881.9514037266271
554.1173889720727,879.0914372964031
551.160160141223,878.5866624535365
548.7493987325536,880.3722238303786
546.3386373238842,882.1577852072207
544.1244362145801,884.1819673748026
541.2819291371536,883.2227210483671
538.5230805552302,884.4011753334454
535.7642319733068,885.5796296185237
533.5920866622472,887.6488770052905
530.7013218782256,886.8467056000032
527.7485429882936,887.3768912534985
524.7957640983616,887.9070769069937
521.969036537233,886.9022827513797
519.3525037956077,885.4347145546669
516.3673959849752,885.733263309313
513.5188617898915,886.6744609184466
510.5865108238873,886.0409644210813
507.8082381096033,884.9090630450486
504.93579174557453,885.7745408817249
502.0633453815458,886.6400187184013
501.97245009874774,889.6386414101657
499.11640724477076,888.7204806310823
497.66707807030417,886.0938011789907
494.6670841589081,886.0877570424592
491.72040536741326,885.5246548317066
488.7791193678885,884.9340308658877
485.82925091585525,885.4801774723031
483.64030744034454,887.5316468142673
480.7699099511009,886.6593978511016
477.89951246185717,885.787148887936
475.0408896834785,886.6972454822239
472.1822669050998,887.6073420765119
469.8006035306847,885.7831492218583
467.41894015626957,883.9589563672046
464.59686850569386,882.9411589418703
462.5531738565045,880.7449549028805
459.554499387717,880.6557841103413
456.5558249189295,880.5666133178021
459.5116814944424,881.079362676648
456.6782485136616,882.0650895878274
453.84481553288066,883.0508164990067
451.5222760038596,881.1519194148722
449.1888390748225,879.266429532055
446.8554021457855,877.3809396492377
444.66932883176474,879.4354672021623
441.91322190459846,878.250615056945
438.9245745296446,878.5113579728242
435.93301127285685,878.736189644609
432.9510620025778,878.4075887476499
429.9595658339705,878.1818661896109
427.6357604685232,876.2845184029576
425.0429378611832,877.7935813330128
422.45011525384325,879.3026442630679
419.5262398863462,879.9741744823016
416.60236451884913,880.6457047015351
415.0241564145645,878.09437971644
412.25011705003004,876.9521426114512
409.26801581750664,876.6249236648995
406.37745872783785,875.8220041724437
403.91019055964074,874.1153736365042
401.6393546528028,872.1549389183318
398.7572303940898,871.322256651595
395.8116884711886,871.8912757904924
392.8625812650248,871.3410334015828
390.06407310847254,870.2601300304573
387.1023703728181,870.7379552135702
385.6817169478443,868.0956562437127
384.1607679806489,865.5097880647083
381.1890675484216,865.0986961758322
378.7489176883885,863.3535117556116
375.76589034713686,863.0348459724701
372.78286300588525,862.7161801893286
370.01273287921947,861.5644948671427
367.067544303229,860.9936496588286
364.14751183202355,861.6816978890464
361.2274793608181,862.3697461192642
359.48506618755533,859.9276166522538
356.70037362445356,858.8116026160492
354.9359845506756,856.3853027177817
351.939722044284,856.2355997024747
349.90654845078984,854.0296520288618
347.87337485729563,851.823704355249
345.0922570321009,850.6988116304152
342.5800128759387,849.0591076022965
339.7945743684963,847.9449566604322
337.0091358610539,846.830805718568
334.01569417927607,847.0290653912077
331.31161635062847,848.328281730628
328.4980142551614,847.2872998631666
325.6844121596944,846.2463179957052
323.09093566512405,844.7383791136177
320.09133166556916,844.6896364643834
317.10877462618913,845.0126743984481
314.1262175868091,845.3357123325128
312.0482253572475,843.1719313145071
310.76611821779454,840.459699524456
307.8658494113422,839.6926005410651
305.2728390486473,838.1838602522954
306.11861200559383,835.3055503132343
306.7305282095466,832.368620188199
303.7305311586308,832.3644137055065
300.730534107715,832.3602072228141
299.24299066726496,829.7549789194261
298.7257658029061,826.7999021962785
298.20854093854723,823.8448254731309
295.24946662084955,823.3509842209636
292.29039230315186,822.8571429687963
289.537062322581,824.0484338728536
286.78373234201007,825.2397247769107
284.4727919838132,823.3267285247302
286.98960598047705,821.6940475068345
284.6328289333316,819.8378142375366
282.01618558372303,818.3704432616246
279.4386612644507,816.8353965575925
277.6833838023257,814.4024968410082
274.97128069816614,813.120117508514
272.70636335220513,811.1528479753882
269.8779976118642,810.1526743710247
269.40723574733045,807.1898407160753
268.2873281451001,804.4067117283231
265.66798390205463,802.94416746013
263.04863965900915,801.4816231919368
260.21616167484217,802.470090930009
258.16749143911426,800.2785275005726
256.11882120338635,798.0869640711363
253.2072614721964,798.810026953404
252.0690915108866,796.0343163886706
249.9077173216708,793.9538208673605
247.17354224935505,792.7192008149042
244.43936717703932,791.4845807624479
242.76087912034538,788.9980816485257
240.230004182936,787.3872830729139
237.69912924552662,785.776484497302
235.28589357415834,783.9942685747956
232.92720024528955,782.1404709104455
230.06861943986664,781.2302424891865
227.15007204544295,780.5359218813238
227.80225501031956,777.6076702903015
226.89153845875285,774.7492449610857
226.14042981932965,771.8447939265899
224.32553313189788,769.4560390178667
222.05548206699876,767.4946955592267
219.07911268028275,767.1188960464281
216.23118246347963,766.1758724623011
215.42047865772128,763.2874889456383
213.2462047843556,761.220478272323
213.3403594660067,758.2219561536914
212.3499867711373,755.3901436730957
211.35961407626792,752.5583311925001
208.47761655184516,751.7252103914028
205.5956190274224,750.8920895903054
202.71265362867618,751.7218549243801
203.04980880351783,748.7408607298072
202.15321302048747,745.8779747729706
202.2270999989119,742.878884791923
200.14229118297914,740.7216708013767
199.25488467279283,737.8559231352905
198.36747816260655,734.9901754692042
195.74728722663215,733.5291486183088
193.48556647236342,731.5582048774298
190.57830671984334,732.298367515893
189.0904356061788,729.6933263359647
188.9893340048617,726.695030408907
187.52464308360112,724.0768859313854
186.05995216234055,721.4587414538638
183.08070469473853,721.8109977906228
180.1014572271365,722.1632541273818
178.77335439520198,719.4732461593997
177.44525156326745,716.7832381914175
175.84963320394615,714.2427653906584
173.23175474610625,712.7775990588115
174.62938065003368,710.1230479041582
176.02700655396112,707.4684967495049
175.08637197733455,704.6197765819113
173.9555259840522,701.8410741258219
171.14820285093623,700.7832760230292
168.34087971782023,699.7254779202365
166.65062414140152,697.246963024904
167.46634898265805,694.359993509416
168.28207382391457,691.473023993928
165.3075198238432,691.0831156705245
162.97306818756485,689.1988822566723
160.63861655128653,687.31464884282
161.39297202849647,684.4110393969745
161.95524695170985,681.4642026334727
161.3508656746874,678.5257126688847
159.74038643408377,675.994634516084
158.12990719348014,673.4635563632834
156.74042521865937,670.8047333451702
154.95486951364825,668.3939677355968
151.9552200963713,668.439830284916
149.58407908070916,666.6019809211637
147.21293806504698,664.7641315574114
144.2336812099194,664.4119546257771
144.57936132860254,661.4319369655027
144.81962012866103,658.4415731567004
145.72182188698514,655.5804489043694
146.62402364530928,652.7193246520384
146.98837082685802,649.7415316553213
145.26716493623238,647.2844092973432
143.79278433591358,644.671709191054
142.31840373559476,642.0590090847649
142.41662154558742,639.0606173055271
142.51483935558008,636.0622255262894
140.02890439745863,634.382902036312
137.59343551906997,632.6311910606084
136.39653414740906,629.8802953689261
136.93127580374673,626.9283381603987
135.74255672002093,624.1738968486285
134.05345161447053,621.6945977657416
134.60482714065083,618.7457022048359
135.15620266683112,615.7968066439302
133.43948941693205,613.3365433211086
132.4537418792983,610.5031175161776
130.39375321656956,608.3221895693098
127.57858870009716,607.2854404457536
124.76342418362475,606.2486913221973
122.85784904664735,603.9316277932163
123.28608548608072,600.9623495051568
123.1035267272589,597.9679092737316
123.80528504163131,595.0511413247496
124.50704335600372,592.1343733757675
122.98755304132915,589.547647804005
124.09317716813412,586.7588137662347
123.90531667212495,583.7647014714069
123.53192075127076,580.7880295905491
123.39684104952048,577.79107222112
122.27828043171031,575.0074015968751
121.15971981390017,572.2237309726302
120.5764395218893,569.2809798616879
119.99315922987843,566.3382287507457
119.33615542665605,563.4110550280993
116.8775765900857,561.6919302204229
116.55708491180155,558.7090984980238
116.46901960763411,555.710391359572
119.15867759958303,554.3815799032903
118.51657684992428,551.4511009957929
117.12619611449003,548.7927478569994
117.27054052440928,545.7962224205439
116.9248972203113,542.816200490032
117.38869170992686,539.8522681913108
116.82362847982017,536.9059648216659
116.2585652497135,533.9596614520209
114.15803756475009,531.8177502856319
111.89950394317674,529.843155167583
112.08013827950745,526.8485982326528
112.26077261583818,523.8540412977226
112.04870559445678,520.8615460882958
110.57983834702989,518.2457423859059
111.85187937146699,515.5287750264868
111.55837632522369,512.5431668871212
113.11287591228164,509.9773276416039
112.97053966822152,506.980706145047
112.05235870934928,504.1246697785481
111.13417775047704,501.26863341204916
111.77864407540315,498.3386738293866
110.46797820629247,495.64012700200925
112.36428277502523,493.3154702568954
114.66878101156013,491.39471835261224
114.63867050385173,488.3948694635304
114.60855999614333,485.3950205744486
111.82618391726483,484.2732437001618
113.69212424875072,481.9241445793637
112.83143595680525,479.05025946264317
113.81229325145627,476.21513707242264
114.79315054610728,473.3800146822021
116.03582519899791,470.6494909765619
117.59818852314176,468.08843243693997
117.99767152450697,465.1151491790548
118.39715452587217,462.14186592116965
117.35504154707256,459.32868257495534
114.54568334457524,458.2763012324464
112.63459913748706,455.963779415594
114.3465043704404,453.5001681488989
116.05840960339374,451.03655688220385
117.65851901328621,448.49891035906995
117.56522060227327,445.5003614756094
114.57745260155104,445.77099475859643
116.76306317851999,443.7159749519178
118.67348224634391,441.40290362026917
121.14443358301358,439.70161014417215
121.3790197084597,436.710795982485
121.61360583390581,433.7199818207979
120.12867002968311,431.113266328586
118.64373422546039,428.5065508363741
120.33645949006107,426.0297219810467
119.58420004997942,423.1255687938322
119.72136151475215,420.1287059787235
122.42614993103678,418.83096963295344
124.21657417415666,416.4238175750957
126.68970312232024,414.72569119412304
126.93440077548797,411.73568733818337
127.17909842865572,408.7456834822437
127.49443300319898,405.7623021613097
125.96603868951982,403.18082761719484
124.43764437584066,400.59935307307995
123.57986538345094,397.72459826610685
122.72208639106121,394.84984345913375
123.71927514570515,392.0204239802279
126.69684516426614,391.6542590111679
128.8482345131368,389.56344006406465
130.3079403361301,386.94251295513556
131.54892254329488,384.21121964216087
132.78990475045967,381.4799263291862
133.69320997197198,378.6191502672078
133.59324212842586,375.62081632478964
134.79261860910907,372.8709988658328
136.72164280498154,370.5734206513342
138.650667000854,368.27584243683555
140.36226178782888,365.81201547757064
141.64089505252787,363.09814426205486
143.1508367922451,360.5058333349746
144.60797493710197,357.8834778238352
146.06511308195886,355.2611223126959
144.4297174954402,352.74607136378944
147.00094615624786,351.20050248022545
148.76219013382666,348.77191860243937
149.16471918994264,345.79904619364305
149.13338100717365,342.7992098783917
150.6977665385119,340.23938607403727
152.26215206985012,337.67956226968283
149.29055184663983,337.26774663931343
146.53413108157656,338.45186849365444
146.41348982760638,335.4542951938266
146.29284857363618,332.4567218939988
149.1341713763667,331.49397336469144
151.97549417909724,330.5312248353841
154.95430543718194,330.17529859484
157.24136608879456,328.2338162807704
159.52842674040718,326.2923339667007
160.81032161895325,323.5800018483278
162.09221649749932,320.86766972995486
164.88868061238423,319.78148905706433
164.7833356393522,316.7833392214729
166.89184404755665,314.64928385843024
168.75740830674428,312.29988606434733
170.62297256593192,309.95048827026443
170.54136695490777,306.95159838828323
171.08557459207202,304.0013716092623
172.32260667955825,301.26828697564235
172.6863674746793,298.2904222903464
174.09669461426788,295.6425972660406
175.50702175385646,292.9947722417348
177.73611126823747,290.9869973696745
179.9652007826185,288.9792224976142
181.1550731552201,286.22527919084126
181.30420836088987,283.22898836876976
181.33432446899462,280.22913953590626
182.1419173528681,277.33988466069763
184.4330951599283,275.40326279351893
187.01831610530866,273.88121395607425
187.13430718498853,270.8834571164632
187.2502982646684,267.88570027685216
189.63875597014595,266.0704124789686
192.51509796130853,265.21797083881074
192.5304872731898,262.21801031089046
194.7051411214271,260.1513994040319
196.87979496966437,258.08478849717335
198.76597075418434,255.75190596479192
200.6521465387043,253.41902343241048
199.620726718143,250.60190200198664
202.61989722981144,250.53135951876948
205.61906774147988,250.4608170355523
207.30779611182928,247.98126133116148
207.90756324847504,245.0418261163966
208.5073303851208,242.10239090163174
211.5068522941833,242.04883423020553
214.3509038544198,243.00349161519566
216.17373939865772,240.62078924631638
217.9965749428956,238.2380868774371
220.89894297992024,237.47896911472978
222.46973855045582,234.9230737186727
223.73392333241287,232.20244202050623
224.99810811436993,229.48181032233975
226.218441652415,226.7412289869435
227.4387751904601,224.00064765154724
230.16877438647347,222.75682114042672
233.0934157463723,222.08863485205413
236.01805710627113,221.42044856368153
237.9487857593315,219.12430247332674
239.7239685282956,216.7058885019866
241.40363064497834,214.22018232993392
243.08329276166108,211.73447615788123
246.06297646515466,211.38592913503527
248.21145911238887,209.29212343379805
250.13845850300544,206.9928467326237
252.065457893622,204.69357003144933
252.1933348792594,201.69629669113746
255.17240179654112,201.34251667141106
258.15146871382285,200.98873665168466
260.94641102733914,199.8986460755782
263.8773982285202,199.2588695313748
263.0861634723531,196.3650921452179
262.29492871618606,193.47131475906096
265.07258871662606,194.60471888908506
267.01042938121697,192.31457182859793
268.9482700458079,190.0244247681108
269.0034282305823,187.0249318818628
271.8475782629023,187.9792958552263
274.7445413228923,187.1998056185631
275.5606318312586,184.3129394487945
278.4422236085002,183.47841633387583
280.45858082117235,181.25708709423006
282.4749380338444,179.0357578545843
285.3467609763434,178.1682136269299
288.21858391884234,177.30066939927553
289.1517166058955,174.44948308681666
291.4720755603023,172.54792206420808
293.7924345147091,170.6463610415995
295.57478536159743,168.23322502002998
298.40650382973644,167.2425835524947
301.3765333887603,166.81958896798537
304.3465629477842,166.39659438347604
307.3462603100971,166.43920582012194
308.0934856843467,163.53375331834576
308.84071105859636,160.62830081656958
311.7898891147878,160.0784382947709
314.52997654138056,158.85699615752978
317.27006396797333,157.63555402028865
320.0566817065128,158.74675228309204
323.0566367666327,158.7631729183009
322.80788423395967,155.77350367614574
325.58502777592366,156.90817267956814
328.53364602478837,157.46102928164672
330.729336658688,155.41678305376576
333.64781476900015,156.11139482996083
334.04768050351373,153.1381630202356
336.3318896927366,151.19332668268171
338.61609888195943,149.24849034512783
340.4699421564174,146.8898328639011
343.4325305536956,146.41753000734317
346.39511895097377,145.94522715078526
346.4443468638093,142.9456310758782
349.2303489282213,141.8328900920495
352.16708065015473,142.4457577722138
355.02362243029063,141.52915040897796
358.0133544060303,141.77714781468924
361.00308638177,142.0251452204005
363.9627412778165,142.51549498975697
366.8786402949688,141.8101348535356
367.19891723669366,138.82728006649026
368.7488656412283,136.25868902405463
370.2988140457629,133.690097981619
371.6165572219178,130.99500003874246
374.59926212953866,131.3166697980521
377.5932561170229,131.12693313077878
380.0158169447067,132.8964525672846
382.4383777723906,134.6659720037904
385.05166070717723,133.19262469145946
387.6649436419639,131.71927737912853
390.65679903473244,131.94018756169547
393.49116964637074,130.95715997516436
396.325540258009,129.97413238863322
399.2637486043853,129.36838350230755
400.3295114120367,126.56407438278684
403.329312029607,126.52948746582689
406.32911264717734,126.49490054886694
409.32891326474765,126.46031363190698
412.0411583597298,125.17823463873023
414.9932480759794,125.71224428959192
417.02882019344753,123.508509697
420.0205200677924,123.73151611360028
422.8000088609679,122.60260422659942
425.7539264376848,122.07879992157412
428.66745774045967,121.3637227594783
431.5809890432345,120.6486455973825
434.0499032766734,122.35289396775669
436.11531832780656,120.17710430270343
439.0309735541695,119.47073711703969
441.9466287805325,118.76436993137595
444.9131012547027,118.31711043176709
447.7097937526333,117.23151793362668
450.6378749396757,117.88446552883494
453.35403683899744,116.6107055291988
456.07019873831916,115.33694552956267
458.01671697225527,117.61972163881083
460.94619277019217,116.97305978799392
463.8756685681291,116.32639793717702
466.2267772532531,118.18980555515394
469.13202743884966,118.9378171587345
471.4612506170159,117.04712432638617
474.3813088169272,116.35918529628927
477.353040304985,115.94831796625938
480.32477179304277,115.53745063622948
483.14539172609176,116.55926431459093
485.71532681674023,118.10698316175073
488.20152260191634,119.78592047975059
491.1071935319607,119.03954494002876
492.32918772276275,116.29970366768359
495.0472031456845,115.02990362013293
497.7652185686062,113.76010357258227
500.76517064381886,113.74314637861627
503.7626809023499,113.62094879271154
506.75677938866176,113.80902923897123
509.7248781863501,114.24536572284683
511.2966271889361,116.80067491605027
514.1742652679809,115.95261885302652
515.8114415666828,113.43872669802685
518.5069753219759,112.12187523560772
519.8365895196872,114.81113648830231
522.693814622792,113.89666138739074
524.8473354349328,111.80803789052091
527.1911965535246,113.68055359319297
529.0858090980304,116.00658955727465
532.0312234012135,115.4369101890298
532.8891303006717,118.31162682756342
535.3140061776454,116.54528117020436
538.3139380556837,116.52506416920761
541.2274797747743,117.2400988894263
544.141021493865,117.955133609645
547.1401385619628,117.88235441038736
549.5792182136641,119.629034247294
552.5722375789808,119.8335705004119
555.5123869957538,119.23731434149275
558.4048998762598,120.03315932395269
561.2974127567659,120.82900430641263
564.2960039186426,120.92093386594195
567.2945950805192,121.01286342547127
570.1569059590895,120.11443344243516
573.1569056988523,120.11568301181146
575.6821710393086,121.73526164846035
578.6241280074644,122.32253432577481
581.4354935143048,121.2755271687085
584.4138952006499,120.91618973011325
587.2837845878413,121.79010900858603
590.1684549209805,122.6139275985113
592.1772720788742,124.8420778686124
594.493693703516,126.74843325439238
596.7506013581678,128.72488660278543
599.0258168312595,130.6802368402121
601.9568094702217,130.04048520844452
604.887802109184,129.4007335766769
607.4667439469097,130.9333975964896
610.4194417313373,131.46403475485286
613.372139515765,131.9946719132161
615.8714321907756,133.65405014756723
617.8569863371312,135.9029553772046
620.7323505156021,136.75868947209997
623.7322583492437,136.73517374001335
626.7321661828853,136.71165800792673
629.6382839416184,135.96702415671123
632.4085994029099,137.11826359528584
635.1789148642014,138.26950303386047
638.1758513014564,138.13395971586607
641.1727877387115,137.99841639787164
643.5432628620682,139.8371245556679
646.0906400868428,141.42169682435744
648.6283512581222,143.02170370283127
650.0332361176124,145.67242031001035
652.4082208679043,147.505299857575
654.9285466214349,149.13255463052565
657.7825687480874,150.05697753189563
660.7764185407613,149.86497904516557
663.7702683334352,149.67298055843554
666.4721313804614,148.36916459170013
669.4551999998766,148.05088545028437
672.4159729808885,148.53443829632116
675.3767459619003,149.01799114235794
675.4916156887174,152.01579116001437
677.3920009550217,154.337113162584
679.3119972374418,156.64224098452638
679.9564654109936,159.57220016056942
682.4655865910812,161.21667907610342
684.9747077711688,162.8611579916374
687.1664913924961,164.90959265187954
689.7788854988714,166.38451537289768
692.7205837372829,166.97308267926664
695.0946416932333,168.8071625089875
697.0492301227154,171.08303246821947
699.208282516458,173.16593735348764
702.0382347147198,174.1616132824691
704.8681869129816,175.15728921145057
707.2642059497216,176.9625849699289
710.1492957328494,177.7849334017336
712.9699406274734,178.80667817340182
713.843875384477,181.67656284713024
716.5629182016049,182.94416142658076
719.1748372456127,184.41992526525863
722.0454751655291,185.2913826266587
724.490218081036,187.03012702336534
726.9349609965429,188.76887142007197
729.6545821800329,187.50251419625536
730.5468227527971,190.3667604776204
733.2009558927678,191.7651800410239
734.7112478627255,194.3572869380251
736.2215398326832,196.94939383502634
738.6664110693617,198.68795779302786
741.5728285274856,199.43142101277212
743.693491893651,201.5533981303218
745.8141552598163,203.67537524787147
747.0412082685078,206.41295463737984
749.7604568541501,207.68011174266806
752.691250623688,208.3207738068156
755.4154293438786,209.5772969066672
757.8131131658516,211.38038101170747
760.2107969878247,213.18346511674775
760.0197510379663,216.17737584438188
759.8287050881079,219.17128657201602
762.7851194795775,219.68080982556955
765.7560638123549,220.09733085929696
768.7270081451323,220.51385189302437
768.2526154227779,223.47610636301462
770.7243638863426,225.17624151436746
773.2386697602757,226.81278237004616
775.7995617682296,228.37541864365483
777.2659215492297,230.99262879812574
778.7322813302296,233.60983895259665
781.1426429502873,235.3959399745305
784.0370310264846,236.1849378606918
786.9314191026818,236.97393574685313
786.5283449061186,239.94673429234268
786.1252707095553,242.91953283783224
789.0831519794202,243.4204703522809
791.489053327151,245.2125748986137
794.295181866199,246.27353796222175
797.1013104052469,247.3345010258298
798.9152477915475,249.72398447598823
798.4569959048587,252.6887787704286
798.3918421538614,255.68807118510426
800.8817851680875,257.36144615381465
799.8537886444728,260.17981858261754
801.2172286387,262.85208941135886
804.0974845821697,263.69121139302024
806.9296385098698,264.6806072338305
807.5640332173244,267.6127640091673
809.3828227039014,269.9985562892112
811.2016121904784,272.38434856925505
813.0204016770554,274.7701408492989
815.6503388918001,276.2135500935886
814.984938947228,279.1388266469701
816.8836784189891,281.46149503018285
819.4437647137862,283.02545096408636
821.6316910573407,285.0780050596415
823.4318578041398,287.4778799904908
825.2320245509388,289.8777549213401
827.4565780137839,291.8905544371747
830.0794980213007,293.3466762157936
831.7602255364658,295.8316621352239
833.440953051631,298.31664805465414
834.2925555079495,301.1932386157859
833.3852656345508,304.05275344974433
833.0776193219198,307.0369373828028
832.0013021020605,309.83721259110547
832.9512171643357,312.68285160096997
835.7683284596859,313.71429910308075
837.3417486803949,316.26857959062795
837.4449650519296,319.2668034616301
838.876424744903,321.9032638059919
840.3078844378765,324.5397241503537
842.0700531479056,326.9676371301358
845.0429843274048,327.3697318975245
846.7125939038864,329.8622013280534
848.2216286195913,332.45504035637686
847.4794823622328,335.3617943763601
847.2250323771971,338.35098410020083
849.5504008280866,340.24641586304745
851.4589860534636,342.5610005855134
851.4689919912729,345.56098389900177
852.241608831412,348.4597876554388
854.7772479519954,350.06307622901727
855.2286924165653,353.02891471002215
856.8218622996746,355.57092370362415
857.5834190203117,358.4726527332292
860.4171227710538,359.4576009821388
861.5380607277426,362.24031514231666
863.5304245673582,364.48318971094335
864.8638064753573,367.17058486004606
864.9041111597855,370.17031410323006
864.944415844214,373.17004334641405
867.4187869532414,374.8663592411727
868.4742490162413,377.67456148345656
869.5297110792411,380.4827637257404
870.9613063842206,383.11915043537937
872.3929016892,385.7555371450183
873.3682329165679,388.5925653431371
872.4785255829003,391.45759952450703
872.8197476563546,394.4381309362837
870.7483791671835,396.60825364757665
872.4084720207512,399.1070717116889
874.6924342061978,401.05219811772264
876.3504146486013,403.55241827855
878.0083950910048,406.05263843937735
877.5087202313991,409.0107332713052
879.879566976905,410.84896223128925
880.9469709395555,413.6526470888505
880.2042209759718,416.55924690506123
880.8402038518733,419.4910596176266
883.7344077085671,420.2807329905463
883.755117449705,423.280661507465
881.4963064623005,425.25493933066525
879.2374954748959,427.2292171538655
879.0124160275118,430.22076177869815
879.9356235853809,433.0751772714205
881.0161431853296,435.87383362655356
879.5048515158247,438.46535778999197
881.1629904279843,440.9654728569403
882.8211293401439,443.4655879238887
881.3459949591122,446.0778625185472
881.6598440052813,449.0614004814729
882.4568533755652,451.95359274058706
883.2538627458491,454.84578499970115
882.4879767419102,457.7463743586023
881.0156995846787,460.36026034928636
882.8794531147869,462.7110948349551
883.0729041122303,465.7048511228964
883.4025695855813,468.6866828880502
883.7322350589324,471.668514653204
884.4548501063124,474.5801855640901
885.5290549723172,477.38127176516485
885.1241230313944,480.353817832633
885.0604763557029,483.35314260675693
886.1427047983718,486.15113860351573
884.6853338432742,488.7733647377837
885.4319517491961,491.6789734007934
886.1095234120577,494.60145464824166
885.6788445061217,497.5703796523436
888.5634760402717,498.3943340880906
890.8149083756139,500.37702227320085
891.0927847375574,498.579609581681
