986.3318437597104,498.536688159757
987.522391667874,501.2903394954143
988.7129395760376,504.0439908310716
988.337770084939,507.02043969724565
987.3195115446703,509.8423450013212
988.3806269026076,512.6484159550124
987.3810417131023,515.4769897031974
986.3814565235969,518.3055634513825
986.3257632736735,521.3050464504863
986.7915181913246,524.2686713182258
988.0150362837443,527.0078324083265
987.5546534860708,529.9722965554544
987.0942706883975,532.9367607025822
986.3978383668396,535.8548049142914
984.187550524489,537.8832594131543
983.4408768335527,540.7888537412159
984.0618546163121,543.7238812697613
984.6828323990716,546.6589087983066
985.6598307078073,549.4953633290064
984.7431585842633,552.3518843280395
986.0296924409265,555.0620191283141
984.7295144567858,557.7656347092641
984.493244940217,560.7563163565713
984.2569754236481,563.7469980038786
984.2519440868595,566.7469937848174
984.6172192863476,569.7246730873345
984.6140202645889,572.7246713817107
984.1805205705771,575.6931858275727
983.7470208765651,578.6617002734348
980.7786070666618,579.0958885427093
981.7849429156859,581.922067616825
980.7460878249065,584.736455667603
979.707232734127,587.550843718381
980.7633170070485,590.3588120245569
981.2422080067763,593.3203426103148
979.0841484245893,595.4042761120684
977.2537851571793,597.7812006605798
975.4234218897693,600.1581252090912
977.3652382197846,602.444902273102
977.9395362117605,605.3894195198527
977.3225653071997,608.3252919460534
976.705594402639,611.2611643722541
975.1859876355423,613.84782153419
973.6663808684457,616.4344786961258
972.108306590155,618.9981488276617
973.0015355253415,621.8620870374256
973.8947644605279,624.7260252471895
970.9196094037322,625.111320443141
971.703602290106,628.0070682142901
972.3012207069796,630.946941039399
970.4213474142387,633.2849051972165
968.5414741214977,635.622869355034
968.8750825449677,638.6042625561716
967.3747302839527,641.2021353576897
967.3620907948902,644.2021087314575
965.3896574037042,646.4625304879743
963.4172240125182,648.722952244491
965.0426512482705,651.244457013726
963.0245977300474,653.4642452913748
960.4785025746365,655.0508767733496
960.6149561680791,658.0477719027855
958.601549151513,660.2717755416411
959.5597206297837,663.1146451162485
960.5178921080543,665.957514690856
958.5782705124319,668.2461536020421
958.0007388470691,671.1900383102981
957.4232071817063,674.133923018554
956.1141492760313,676.8332502309515
954.0321938359978,678.9932181811107
952.1722613804436,681.3470769833281
951.3353805940988,684.2279849217126
951.5890807291239,687.217238380603
950.2819638015583,689.9175060224621
948.9872181267066,692.6237273063657
947.6924724518548,695.3299485902693
946.4739421293053,698.071332155739
946.042462311812,701.0401408675115
944.5746662486573,703.6565457897258
942.0413158667336,705.2634483513041
940.9722719297582,708.0665082972946
939.9032279927828,710.8695682432851
938.2365513759922,713.3639998528995
936.5698747592016,715.8584314625139
937.9175502434961,718.5386871945349
935.4085896142097,720.1834110499864
932.8996289849234,721.8281349054379
932.3983321597101,724.7859553011061
930.8280768125566,727.3421826276042
929.8164634112587,730.1664769334998
928.8048500099609,732.9907712393954
927.9295475767414,735.8602390734022
925.7630814115519,737.9354316801472
923.8340738756332,740.2330238820771
921.3307305796521,741.8862850055742
921.0306064642921,744.8712348402246
922.6062243532008,747.424160273556
920.1248649386306,749.1102372159653
918.0063689525574,751.2343781616165
915.5129185541113,752.9025223731549
914.3984632646356,755.6878391249372
912.6156950949685,758.1006668546399
910.4734969126172,760.2009018290014
909.3534781401414,762.9839860802058
909.0054980386183,765.9637360443712
908.6575179370951,768.9434860085366
905.6579490245588,768.8926299474846
904.6620712616415,771.7225111254365
903.6661934987243,774.5523923033885
901.4320512796163,776.5545432829101
900.1485502786664,779.2661157382505
897.8932491152435,781.2444020325627
897.5686253284804,784.2267868831592
896.1969361513349,786.8948327600702
894.8252469741893,789.5628786369813
892.4432949414058,791.3866945579334
890.0613429086224,793.2105104788856
888.2876911061954,795.6300474766907
886.5140393037685,798.0495844744959
883.9281128526635,799.5704343650094
883.8995843224601,802.57029871577
881.7613805896189,804.6746002143352
879.2995093871139,806.3890068703759
878.0142717665142,809.0997566298696
876.7290341459145,811.8105063893634
874.1730082666096,813.3810896263564
873.5864924442235,816.3231975764647
872.2762314502371,819.0219410114058
870.9659704562507,821.7206844463469
868.0212214371589,822.2937928257643
866.6778205244858,824.9761936138325
864.5807504905553,827.1214901604177
862.4836804566246,829.2667867070029
859.7125357094762,830.416028539844
857.6638747808141,832.6076006694744
855.6992213113492,834.874787636824
853.2691414561184,836.633966961737
850.8390616008876,838.3931462866499
848.9460813881578,840.7205108722302
847.0531011754281,843.0478754578106
845.9771454033802,845.8482895658663
844.9011896313323,848.6487036739218
841.9129953297086,848.3828187067961
839.4583114758598,850.1075004680652
837.003627622011,851.8321822293342
835.3049689706341,854.3049456199768
832.3629853943376,854.8920849874197
831.2919354315695,857.6943790435913
830.2208854688014,860.4966730997629
829.1791527801224,863.3099972910601
827.311824268205,865.6579930807881
824.4514807753724,866.5626671121441
821.5911372825398,867.4673411435003
820.6654445841397,870.3209516684544
818.2726534756587,872.1305236375052
815.5497573922822,873.3898238078909
812.8268613089059,874.6491239782766
810.6159657391519,876.676916073054
808.1308312590197,878.3574239176231
806.3246494869665,880.7527751249208
804.5184677149132,883.1481263322185
801.7780975479183,884.3689339943193
798.9403495940252,885.3421690893377
796.0903458577711,886.2789074217112
793.4142772325195,887.6348781857558
793.4760671062019,890.6342417868403
790.9610413511228,892.2696761179246
788.4460155960438,893.9051104490089
786.6676017644168,896.3211494063682
784.0926003413921,897.8604244537269
781.5175989183674,899.3996995010854
779.7551137335214,901.8273827533236
777.4305789943879,899.9309286287634
774.8758927368498,901.50368993473
772.5650310842155,903.4167812609307
770.2541694315813,905.3298725871316
767.4355094903381,906.3570805191641
766.0218606805937,909.003133625719
763.5393123537908,910.6874595458094
760.8662116237515,912.0492717527834
758.383022022484,913.7326521031965
755.8998324212166,915.4160324536097
752.9906476265697,916.1485922331467
751.9519826938624,918.9630504683252
748.9524776778958,919.0175450477894
746.1870020550251,920.18036256542
743.6710815861879,921.8144201514573
741.0316476759931,923.2403895177879
738.3922137657983,924.6663588841185
735.7004957227133,925.9909924094873
733.7399076086124,928.2616958790857
731.227230049578,929.9007356846806
728.6404940750768,931.420208289969
726.0537581005757,932.9396808952573
723.2416456258072,931.8946816468118
720.8616299148612,933.7210236782096
718.2939606628697,935.2724986578266
715.7262914108783,936.8239736374437
713.245398221576,938.5107365085295
710.6016208327048,939.9286367582274
707.6082754369187,940.1283448990873
704.6709616522447,940.7384168049838
702.5231090885364,942.8328688489732
700.3752565248282,944.9273208929627
697.933017943416,946.6695811236577
695.0029421620831,947.3135189433629
692.2601694485824,948.5289192239602
689.3032085931333,949.0352614988514
686.3462477376842,949.5416037737424
685.9235438341007,952.5116747173219
683.0038658302537,953.2012255521794
680.2109232441828,954.2964295107694
677.4179806581119,955.3916334693594
674.4487454082346,954.9630987206098
671.7984179515314,956.3687175779979
669.1480904948281,957.774336435386
666.4291694734609,959.0421962381904
663.6214135419478,960.0988450109875
660.6219458661432,960.0423325185401
657.6224781903385,959.9858200260927
655.2224641370739,961.7858012882542
652.5161707618561,963.0803962701896
649.6266710855498,963.8871128379044
647.317888584448,965.8027128385847
645.0091060833463,967.7183128392651
642.0500929482254,967.2241051236414
639.541263959191,968.8690297735209
636.5412641305711,968.8680157319812
633.5875504239209,969.3929684337998
630.7377495609447,970.3303237780424
627.8879486979686,971.267679122285
624.9006570438966,970.9918375490738
621.9207404177856,971.3383875475267
618.9408237916747,971.6849375459797
616.6165449776466,973.5817053216076
614.3425997871886,975.5385326698407
611.4788797513943,976.4324608305951
608.584908713646,977.2229870051613
605.6909376758977,978.0135131797274
603.0222629342678,976.6430478852428
600.042830345074,976.9937349914354
597.0633977558801,977.344422097628
595.3418690074759,979.8013182632031
592.4263751836573,979.0942851923531
589.4264476620617,979.0734317712161
586.4265201404661,979.052578350079
584.2251064499468,981.0906602334179
581.4246547307039,980.0148023579578
578.4975199184096,979.3576252199997
575.6398645943117,980.2707550293123
572.7822092702138,981.183884838625
570.8370080323455,983.4677832917519
568.2979245306282,981.8699550871858
565.3873883055071,982.5971269253766
562.4588681021672,981.9461511818729
560.2905913925761,984.019451958568
557.2911176144577,983.9632642874985
554.4081922153058,984.793168584948
551.4166265790772,984.5683685757489
548.4250609428485,984.3435685665498
545.4493516078087,983.9625778142255
542.8733320258822,985.5001483373336
539.9742802220977,986.2718339203103
537.0752284183133,987.043519503287
534.4858594845772,985.5285381420147
533.3047961246433,988.2862707867469
530.3165301594561,988.5513491172528
527.336334005574,988.2072112315348
524.3728726998334,988.6740057145543
521.4425081432769,988.0313833015636
518.4910816603915,988.5690465010882
515.5019769573099,988.8244933135859
512.6401459493718,987.924535935704
509.64015584640794,987.9168299562709
506.72456914556204,987.2101799793725
503.737993439243,986.9266917954478
500.75807488315434,987.2732251979915
497.85671021339095,986.5102815217945
494.9553455436276,985.7473378455976
491.9586761320818,985.6060139696741
490.4506685307488,988.1994505072284
487.4703038550544,987.8567751508447
484.5501452207633,987.1692625687234
481.6411899115649,987.9027330923891
478.6999225188867,988.4934497120706
475.7690565668005,987.8531179457949
472.77444239481605,988.032800891424
470.40004996424966,986.199154091828
467.4156810320892,985.893307599686
464.43131209992873,985.5874611075441
461.69182555491466,986.8102503247385
458.74148620811934,987.3538473618453
455.7645741504282,986.9823711166116
453.3961483273085,985.1410240226667
450.3988140156667,985.2674638275338
447.4619288090987,984.6553320741979
444.5656185893306,983.8734196041178
441.57841644549313,984.1502288378017
439.0572725503251,985.7762157565243
436.7217606122599,983.8932967494624
433.7505732917226,983.4785125811551
431.1474447402703,981.9872977258731
428.17740306791103,981.5643882031034
425.2783296288467,982.3359925025416
422.2929280008028,982.0403962926996
419.3075263727589,981.7448000828578
417.646099683798,979.2468686672242
414.6872241543007,979.7418995763016
411.72834862480335,980.236930485379
408.78354053368133,979.6641257136964
405.8387324425593,979.0913209420138
402.8390106498019,979.0504655132921
399.83928885704444,979.0096100845706
397.10507875050143,977.7750676214376
394.37086864395843,976.5405251583047
391.44129897625373,975.8942886984353
388.4463132891287,975.7209083826089
386.16305823192613,973.7749519741149
383.1630876348246,973.7616697858107
380.16311703772305,973.7483875975065
377.6727231650389,972.0756836909835
375.1823292923547,970.4029797844605
372.1975020776972,970.1016386179402
369.19758572235776,970.1240408715481
366.1975864580172,970.1261418132743
364.07868353093744,968.0024068049428
361.1553668898268,967.3284484859012
358.2320502487161,966.6544901668594
355.2338282542851,966.5512192991873
352.235606259854,966.4479484315152
349.9484540240828,964.5065740084822
347.0362490501756,963.7861143011075
344.0550931564473,964.1218367121688
342.3143695236909,961.6785026714851
339.40145232861187,960.9609279961984
336.43426820989225,961.403441731147
333.61353537038116,960.3819397741721
330.66686883043053,959.8187734556344
328.6646122823436,957.5847258474481
326.6623557342567,955.3506782392618
323.6645470289241,955.4653210158865
320.6667383235915,955.5799637925112
318.7339345900999,953.2855641482031
316.8011308566083,950.991164503895
313.82286906329523,951.3516595669562
310.8806070238495,950.7659172249347
307.97231814657283,950.029808668872
305.01606759670375,949.519335666257
302.49510433762435,947.8930686997439
299.97414107854496,946.2668017332309
298.2348205618084,943.8224686667157
295.2499123481273,944.1230064445386
293.4567716663139,941.7178772390226
291.05506611848824,939.9201535501473
288.65336057066264,938.1224298612719
285.6610380985999,937.9079392479847
283.0224166441235,936.4804670696299
280.1621750492139,935.5754709266829
277.8209703587142,933.6996349537945
275.4797656682145,931.8237989809062
274.26748988189706,934.5679541182678
272.3319294478752,932.2758795544177
269.77290386687844,930.7101886284031
267.21387828588166,929.1444977023885
264.695083144853,927.514874728345
261.86319870239623,926.5247078209142
258.88344691816513,926.1767433049479
256.1346503366063,924.9750289656765
254.60356163023616,922.3951515706777
253.07247292386603,919.815274175679
250.07558854052417,919.9519635786395
247.14956823385347,919.2898418640351
245.48364811346983,916.7949049605241
243.81772799308618,914.2999680570132
241.30343225575166,912.6634116280376
238.47941129511167,911.651035406534
236.5172314005705,909.3817072986002
233.51936633542482,909.4948667046566
231.35545501764338,907.417010162742
229.1888753437897,905.3419360636208
226.96237964403053,903.331285199111
224.23338308751002,902.0852604022072
221.9170398941081,900.1788097182448
219.60069670070615,898.2723590342824
216.66518072363866,897.6536943849113
214.26650137402953,895.8519348621784
211.76981565393834,894.1886368085834
208.9168673795961,893.2609050887809
206.92909396952163,891.0139611931304
204.94132055944715,888.7670172974799
202.14830251615254,887.6720057862022
200.2395158394568,885.3575871933654
199.5564979379813,882.4363739956915
196.7306178799,881.4291987888191
195.8789701495583,878.5526216312578
193.06815916972147,877.5041266929636
190.57489750602085,875.8357004056135
188.0816358423202,874.1672741182634
185.2019651579627,873.3261458583339
182.65448894648972,871.7417327329214
180.9871149353919,869.2477672345402
179.3825844214644,866.7129138206569
176.72396569232455,865.323041001631
174.0653469631847,863.9331681826052
171.40002554521303,862.5561926058787
169.42809604483668,860.2953312555201
168.7984863686608,857.3621432875123
167.29955299987995,854.7634515482027
165.80061963109907,852.1647598088933
162.87974527120468,851.4802943432111
159.9588709113103,850.795828877529
158.42554068029622,848.2172830852929
157.3837363241426,845.4039854324486
154.6717863496533,844.1212822961511
151.959836375164,842.8385791598536
150.94550170138,840.0152610464346
149.65622396910035,837.3064305000461
146.6605509759621,837.1453612038343
146.23330681140175,834.1759399767517
144.20117865595765,831.9690292037816
141.4012506988605,830.8918089686088
138.60132274176337,829.8145887334359
138.78987351539274,826.8205198287907
138.0842121318868,823.9046937002589
135.34458625087922,822.6822166934758
134.03197995645567,819.9846131800143
132.46482537699566,817.4264836828861
129.60677439749747,816.5145930103878
126.84795321951435,815.3360745727247
124.43415152523069,813.5546253366606
121.5060457441828,812.9017880407025
120.77792175749912,809.9914898669725
120.04979777081542,807.0811916932425
118.49797537749296,804.51373239277
116.94615298417048,801.9462730922975
113.9929233616048,801.4186038811429
112.17307003460367,799.033622986418
110.35321670760256,796.6486420916931
108.95448186604972,793.9946750905746
106.26197397439456,792.6716477842143
105.4270469582725,789.7901730094246
105.1276971600326,786.8051454218983
103.79370710834279,784.1180520960175
102.88312094423775,781.2595852276175
100.43791910120676,779.5214862814014
97.99271725817579,777.7833873351851
95.78997696831722,775.7467393009304
94.68826527667785,772.9563573649751
93.58655358503849,770.1659754290199
92.77852847896361,767.2768414016766
90.61272688562171,765.2009552154232
88.4469252922798,763.1250690291698
86.52631777080472,760.8204504601972
85.9979888718808,757.8673387835819
85.46965997295689,754.9142271069666
84.3109467218811,752.1470293182674
81.53376754290339,751.012447541641
79.98049658751965,748.4458643383995
79.79934939980194,745.4513383831969
79.61820221208423,742.4568124279944
77.09582935104685,740.8327326424228
75.68969880452931,738.1826766267601
74.28356825801181,735.5326206110973
71.36085331434695,734.8560577107856
69.60329634765878,732.4248042256785
69.14631939398365,729.4598131525369
68.68934244030851,726.4948220793952
67.42575016288559,723.7739151430159
68.35849330397211,720.9226013699007
65.43793404517655,720.2367926386472
63.36042804655284,718.0725447726018
63.13776360085685,715.080819426815
62.91509915516086,712.0890940810282
60.70365539024782,710.0618998440032
58.492211625334754,708.0347056069783
56.18429356360077,706.1180642163363
54.65135537888876,703.5392853344133
53.48752233959079,700.7742369339982
52.32368930029283,698.009188533583
53.80801755435006,695.4021270394469
51.26624071730432,693.8085867950044
50.70046324507146,690.8624204976081
49.573673029113515,688.082070913613
48.44688281315557,685.301721329618
47.03756829063472,682.653357197439
47.749387764556424,679.7390282804247
45.648002170460586,677.5979587848393
43.54661657636477,675.4568892892538
44.05646700993274,672.5005313042678
44.5663174435007,669.5441733192819
41.56633339335342,669.5343907397696
41.081142627116726,666.5738857287354
40.595951860880035,663.6133807177011
39.76493387866106,660.7307761466182
38.426545769503406,658.045870697768
37.08815766034576,655.3609652489179
34.47900065761691,653.8803235856141
35.53888344098142,651.0737868433769
35.3988588171809,648.0770564409667
34.267133121222976,645.298712159005
33.56444152761777,642.3821689098355
30.895088482898334,641.0130252641039
31.671675034261543,638.1152824652618
29.199621471269136,636.415590969226
29.556972701350265,633.4369503231661
29.914323931431397,630.4583096771063
30.08716021026162,627.4632925451485
28.436042463164696,624.958535034885
26.784924716067778,622.4537775246215
25.491441293038385,619.7469526994162
24.197957870009013,617.0401278742107
24.095837864126693,614.0418664605913
23.993717858244374,611.0436050469721
24.72534999084179,608.1341868194648
24.222229041667628,605.1766761583679
22.632823548773874,602.6323117624609
22.438362416091206,599.6386209187236
22.24390128340853,596.6449300749864
21.78653487062798,593.6799990531142
21.329168457847437,590.715068031242
20.285683130468726,587.9023934372754
18.91318356464317,585.2347643510251
17.801931590357974,582.4481680312027
19.133575122420066,579.7599110673845
20.46521865448217,577.0716541035662
18.33021453501223,574.9641063793506
18.184256832807282,571.96765909145
18.03829913060233,568.9712118035493
17.37151361564138,566.0462507649988
17.567629195397284,563.0526678482622
15.924532292408752,560.5426414405546
15.811355063235654,557.5447770482251
16.968224449325806,554.7768078967483
14.944903620640492,552.5618196746108
14.760042585730115,549.5675206919152
14.210274757333458,546.6183249820886
13.660506928936803,543.6691292722619
12.39725756298464,540.9480631136723
12.942438591540899,537.9980160553863
13.366900409044586,535.0281958309482
12.478937204195367,532.1626206100137
12.708465791585686,529.1714140595444
13.51288207835054,526.2812731568223
12.610171081934796,523.4203095329798
13.123894788429583,520.4646221419681
13.637618494924373,517.5089347509564
12.11667146995032,514.9230654295826
10.595724444976288,512.3371961082087
12.530672312189653,510.044604397684
12.433209516056259,507.04618798174545
12.335746719922865,504.0477715658069
12.585137617767641,501.05815550683343
12.287062078941902,498.0730004064821
9.913094548008992,496.2388035353485
10.200964836562576,493.2526470262271
11.614064562948741,490.60630064616134
12.852046792470064,487.8736462590517
13.4747575216926,484.93898591282573
14.09746825091514,482.00432556659973
14.93942195997752,479.1248961175949
13.212705979362438,476.6716427832879
13.385385945947059,473.6766166349646
13.558065912531678,470.6815904866413
14.026284229008846,467.7183538089331
14.49450254548601,464.7551171312249
12.996658837240629,462.15579717676184
13.632744624996445,459.2240067902207
14.404866733797192,456.32507121848045
15.10753031156719,453.40852121951326
14.411185312863994,450.49045616835673
13.714840314160792,447.5723911172002
14.080696429563325,444.59478313379765
15.170719331273649,441.79981442668355
16.260742232983972,439.00484571956946
14.111424633844866,436.9118971157975
15.317795434695967,434.1651409397138
16.52416623554707,431.4183847636301
17.874253991720167,428.7393433211303
19.22434174789326,426.0603018786305
19.459937362049157,423.0695670681549
19.43784776230463,420.06964839432675
18.589463815075742,417.19210696489705
20.136821666394,414.6219545025004
20.43675721415543,411.6369857141897
20.736692761916867,408.65201692587897
22.258931806465696,406.06690797435465
24.28206384498419,403.8517473132016
22.659236471805034,401.32856850129383
22.846730114502588,398.33443321144
24.826016139833122,396.0800093759709
25.59998903740215,393.1815673886563
24.89132472210555,390.2664696393132
24.182660406808953,387.3513718899701
26.03712952368918,384.99320643891764
28.063709660374904,382.7811998951681
26.647744668901424,380.13638550793377
25.231779677427944,377.49157112069946
27.493357086786457,375.52046289904365
28.51576607806378,372.70005869848035
29.19987535031232,369.77910089261877
31.497024866708507,367.8495662079549
32.1201090260855,364.9149851253584
32.743193185462495,361.98040404276185
33.416745050426755,359.05699372513567
34.54618399836767,356.2777190602502
35.386249394925365,353.39773813505184
36.4587136157011,350.5959850240237
36.0731385314558,347.6208662273352
35.687563447210486,344.64574743064674
38.34113174611465,343.2462563506284
39.703825458972844,340.5736048872055
39.16368669964281,337.62263045141833
38.623547940312775,334.6716560156312
40.03809207989685,332.0260814320731
41.45263621948094,329.3805068485151
44.357253190472996,328.6300401591645
44.410015877748904,325.63050417857824
46.170230418060534,323.20117407089924
46.43964337702719,320.2132957839637
47.799636833587144,317.53926926986287
48.23243592787156,314.57065259808013
48.665235022155976,311.6020359262974
50.30206905563908,309.08792090370366
53.04594376320556,307.87501052400654
51.975446374342944,305.0725053339242
52.82641873226386,302.19572830988244
53.677391090184784,299.3189512858407
56.65404746362683,298.94543176232577
56.8392140140445,295.9511516570907
56.15804687106127,293.02950634608527
58.683151318359435,291.4096768704197
61.208255765657604,289.7898473947541
62.446196180379395,287.0571740645519
62.6290156785957,284.06274974073403
62.811835176812,281.0683254169162
65.08587326277109,279.1116060237462
67.70955800508136,277.6568626192352
68.78519401609869,274.856325675754
68.73025911733328,271.85682869177526
70.15398168404325,269.2161821699854
71.35836798139917,266.46855525813197
72.5627542787551,263.7209283462785
75.1798775723875,262.25441354378705
77.79700086601989,260.7878987412955
78.21116042103881,257.8166242903256
78.85792750161714,254.88717172312465
78.63114944847577,251.89575538389445
79.15236288517974,248.94137955245404
81.09501303990996,246.65531079226184
83.03766319464017,244.36924203206965
85.94257509766307,243.61991777937533
87.25593728792954,240.92268220249696
88.56501910957702,238.22336658845103
89.8741009312245,235.5240509744051
90.6879988746233,232.63656588565897
92.9118278520392,230.6229659553835
95.29127457909539,228.79588268604365
94.73120535220175,225.8486259172692
96.74368122034026,223.62377965737613
98.75615708847877,221.39893339748306
101.44802944321759,220.07461348681463
101.5857263547103,217.077775226153
101.72342326620301,214.08093696549136
104.39784496823057,212.72172080912623
106.02304982533943,210.20007270274226
109.00013621230099,210.57014924153958
109.14236757649931,207.57352276514345
110.990241760113,205.21018592890235
111.4242038970915,202.24173905154896
113.49503654818473,200.07110501257182
115.2243381795393,197.61967362095703
116.66871562755942,194.99026802507592
119.46209608242806,193.89618135832697
121.14215889436838,191.41074599446512
122.8222217063087,188.92531063060324
125.80292351717654,189.26504098645802
128.33551433913118,187.65694157144938
129.01807841061324,184.73562229955837
131.52821593945774,183.09269515988163
131.95134996877445,180.1226854640668
132.37448399809116,177.15267576825195
134.4832943245395,175.01891875137656
137.47557910676784,174.80390297975822
138.45254370577106,171.96743683818443
140.77649887866036,170.07027254524587
143.4738308069269,168.75710824906898
146.17116273519346,167.44394395289208
147.23389112215526,164.63848349593576
147.68925442300053,161.6732441692973
148.96890998029275,158.95985483956758
151.49218117789871,157.33717111704735
154.4442838018025,156.80323282666131
156.56275389871243,154.67906606096273
156.77808869610723,151.68680421997504
158.3023852845952,149.1029079545797
160.84503030021966,147.51075333755279
163.38767531584412,145.91859872052586
164.59303425024873,143.17139835665523
167.36325694667846,142.0199357162775
170.09851108797437,140.78770814698535
171.90645555381107,138.39368709268143
173.6865444365122,135.97888201365666
176.54244040573542,135.06026445831893
178.7107491098904,132.986997142345
180.1943420055858,130.37951710985345
181.67793490128122,127.77203707736192
182.92442865288908,125.04325468823622
185.8414464217219,124.34253553171662
188.75846419055475,123.64181637519702
191.38684196466065,122.19556941268122
193.09920341375448,119.73227522244383
194.81156486284831,117.26898103220644
197.61192098715708,116.1928743567107
199.6545291414905,113.99565977277709
202.613472136274,113.50103228302162
205.57241513105748,113.00640479326613
207.66820324213433,110.85985589015003
209.7639913532112,108.71330698703395
212.29839961883837,107.10807343919095
213.24738284578174,104.26212353889753
214.1963660727251,101.4161736386041
217.13701141383393,102.00997914364335
220.11481817254824,102.37421383138657
222.75135022501604,100.94288621818616
223.03908758309586,97.95671689733959
225.28890148577642,95.97219241945949
227.22958104849707,93.68445055577853
229.73336802556173,92.03186144366343
232.23715500262642,90.37927233154835
235.05838051489917,89.35913184666335
237.77031080951917,88.0763871031067
240.48224110413918,86.79364235955005
241.74226385480418,84.07108057552996
243.95549760859902,82.04584074996282
246.8629578161983,81.30646591861762
249.72793482005278,80.41657448288792
252.59291182390726,79.52668304715824
255.03895286691218,77.78976531279791
257.9820880610636,77.20842614419917
260.0575467099878,75.04221484411649
262.53146994425646,73.34524583115675
265.00539317852514,71.64827681819702
268.0001468161872,71.47093350789228
269.80240572711983,69.07262935329389
272.76822662267455,68.62106937334532
275.4029549661601,67.1864242757571
278.0376833096457,65.75177917816889
281.0357990847003,65.64546925685926
284.01292403755554,65.27570309414739
285.5036232487783,62.67227922130996
287.49685418354636,60.43017520037701
289.75830534239407,58.45892213287242
291.9880913319159,56.45192077738401
294.96358667478984,56.834579194951665
296.98502170201135,54.61786982502473
299.0064567292329,52.4011604550978
301.3895858453234,54.22343804537923
303.77271496141384,56.04571563566066
305.7770799152036,53.81355947355657
308.7112565831782,53.18857364882658
309.071913441189,50.210331443973224
312.06745834752724,50.04689731623007
314.9388352841114,49.17787804828914
316.39770250119255,46.55648405979258
319.37179552637235,46.163075013662606
322.34588855155215,45.769665967532625
325.3094284214996,45.30337052553063
328.27296829144706,44.83707508352864
329.8313820804015,42.27361132088313
331.80358934162797,40.01299226434892
334.31181025155513,41.65884397911671
337.26035169856357,41.105577917195745
339.9298472474692,39.73671214058607
341.8186835324499,37.405983179822876
344.60216287917325,36.2869466628296
347.3856422258966,35.16791014583633
349.93201261222913,36.75409987459162
352.62977940390687,35.44182919454084
355.3275461955846,34.12955851449005
357.88800852144703,32.566218283497705
360.44847084730947,31.00287805250536
363.25827750113564,29.95169463933997
366.2581271910369,29.921664021646183
369.1910822730276,29.29097036619603
372.12403735501823,28.660276710745883
374.8249257601978,27.35444294538113
377.81980159879714,27.17917540310918
380.6799550614398,26.273900765149392
383.6701981664722,26.032144332336884
386.66044127150457,25.79038789952438
388.5786698228668,23.483788839276013
391.5547616285992,23.861780325757554
394.4837068320882,23.21271946962894
397.36488135507915,22.376756929757768
400.2460558780701,21.540794389886603
403.19386444880706,20.983636754840994
406.1900863274333,20.833122788573966
409.1863082060595,20.68260882230694
410.84784580586137,18.184751179356763
413.77301608496856,18.850618161739895
416.69818636407575,19.51648514412303
419.6853998536721,19.239798376146137
422.53835274203016,18.31208084542388
425.45400668949316,17.605708380895717
428.36966063695616,16.89933591636755
430.9337660347212,15.341978054746722
433.8991437485271,14.887516819366297
436.86452146233296,14.43305558398587
439.83300573289057,14.866761861842177
442.8164914121576,15.181107534007014
445.7999770914246,15.49545320617185
448.7490145526082,16.04606927253381
451.7436250499627,15.866325095620546
454.660540955834,15.165182030280047
457.29564866210717,13.731233852576349
460.2731488225822,13.364501260117885
463.2506489830572,12.997768667659422
465.94252625707844,11.673458756193025
468.4458213544263,13.3267928590271
471.39606978118314,13.870883127657818
473.0720175092886,11.382671076272711
475.9668830384302,12.169915363764277
478.8778564557406,12.895335079316704
481.788829873051,13.62075479486913
484.13692157779997,11.753546893726606
487.0666245740358,12.399178641588186
489.0523475121463,10.150422449142695
492.0365065212723,9.842534469104699
494.48264644293266,11.579312947684919
497.2527216223229,10.427495470596636
500.07107784700105,11.455536418622495
502.8894340716792,12.483577366648355
505.7897689961608,13.250426325591654
508.786427838544,13.1088785161199
511.78147835693414,12.936621753433847
514.7421125032018,13.421023912753562
517.7027466494695,13.905426072073272
520.4569634138635,12.716186813247935
523.2676561416372,13.764998707745853
525.8293789855128,12.203724846065596
528.7213353686609,11.405860021694354
531.613291751809,10.60799519732311
531.3782779827974,13.598775785794114
534.3781531207683,13.571405060845745
537.3664438709692,13.836203837775848
540.3284154715204,14.312359524004894
543.0925501386191,13.146358005076534
545.8566848057178,11.980356486148175
548.8534879116208,12.118816388105795
551.1480326987325,14.051447811822836
553.8070582860782,15.44054209438292
556.4660838734239,16.829636376943018
559.4012995901813,16.209548724993535
562.3740661601092,15.80623876885633
565.3468327300371,15.40292881271912
568.2788783295765,16.037837154309962
571.1958090973563,16.73891838781953
573.8137405528572,18.203990022347718
576.8032383868664,17.953185914616785
579.8022833089899,17.87749208999885
582.8013282311134,17.80179826538091
585.7980999057611,17.662659737181993
587.6421492033763,20.028982240131366
590.5399031402573,20.80552723000056
593.5241129237037,20.498131770726523
596.146068094469,21.955990159767474
599.0893696007166,22.53648670869805
602.0821790859303,22.74407135460226
605.0759655888885,22.93705418986252
607.3245096385147,24.923017345837614
610.2119305162782,25.737143057662678
613.1132089793819,24.973871625254198
616.0202596816816,25.71485490054343
618.5459061122938,27.333839183214508
621.0715525429059,28.95282346588558
624.0585196834032,29.232157140169537
626.8495544055854,30.332214038504027
629.7431896253837,31.123968555221925
632.636824845182,31.91572307193983
635.5665306774774,32.56134195039199
638.4962365097729,33.206960828844146
641.1405093457755,34.62393689384252
643.9188840681255,35.755587856907695
646.6972587904755,36.887238819972865
649.6800860404372,37.20777212071699
652.6655399101365,36.912704006720716
655.5842068596958,37.60652187731137
657.5936194579223,39.83413517635778
660.5484105942186,40.35298904871972
662.9841653111887,42.104302544002046
665.7847788465039,43.17973911851931
668.585392381819,44.25517569303656
671.3199774065753,43.02146391860192
674.2753138610038,42.50572518520505
676.8639966575811,44.0218786664546
679.4526794541583,45.53803214770415
682.4342396303848,45.87014495314902
685.4157998066113,46.2022577585939
685.8295354043913,49.17359127321821
688.8095761304769,49.5190724895986
691.1655597591448,51.37631268447077
693.5215433878127,53.23355287934294
696.5052497213974,53.54579719862977
699.0756191814728,51.9987998364111
699.7020735095515,54.93266332587877
701.6109618150557,57.24699809792654
704.6104486228494,57.191510352686755
707.5396876969994,57.839243667001185
710.183802835086,59.25651397874176
713.1632849670963,59.6067799134703
715.6825432798769,61.235686771914295
717.416213210861,63.68403081848975
719.1498831418451,66.1323748650652
721.7991680330022,67.53995774556869
724.4484529241593,68.94754062607217
726.9332371130188,67.26651488718714
729.8807487481201,67.82524126113243
731.5003855299923,70.35046930921183
733.7910246650266,72.28772828855584
736.7904075148022,72.22687994862677
739.7897903645777,72.16603160869771
742.1317453201823,74.04093080223299
744.4737002757869,75.91582999576828
745.1382846879354,78.8412919352112
748.128626352763,79.08182618972768
750.91037654177,80.20515422995457
752.8426090371146,82.5000349640962
755.4615016485412,83.9633877888841
758.0803942599679,85.426740613672
759.4350348311493,88.10348283564805
762.1088009753346,89.46398811171593
764.4809331228145,91.30055803276238
766.8530652702943,93.13712795380883
769.842016663462,93.3943624174432
772.8309680566297,93.6515968810776
773.3417757219158,96.60778962328587
775.7694688737915,98.37026117208765
778.7480900007552,98.72777506273533
781.1227696130646,100.56104992998296
782.2120268030782,103.35631713975087
784.8074132092806,104.86096640203733
786.61765715676,107.25324917182321
789.5742454821037,106.74473616860618
792.1714137712892,108.24630763798402
794.7685820604746,109.74787910736184
795.7421101500883,112.58552655881404
797.4022945723486,115.08428378673436
800.3903247376985,115.35200702248216
803.1118706166372,116.61422254640495
803.7689189450077,119.54138627503127
806.1175882182499,121.40786762905765
809.1031948542079,121.70138596804763
810.6346064653234,124.2810717003299
812.1660180764388,126.86075743261217
815.1610918110781,126.6889048094903
818.125775329359,127.14787282191936
819.3710026847078,129.87723333923677
822.2670556529756,130.6600980816969
823.1041955376362,133.5409307414518
825.9139833450719,134.59216452952467
828.7237711525075,135.64339831759756
829.4242142285268,138.5604823920213
830.1246573045461,141.47756646644504
832.7203031109301,142.98176819753064
833.7909185055504,145.78422830907584
836.651212258637,146.6890595895111
838.9751362594291,148.5862620664604
841.2990602602212,150.4834645434097
843.6037707587942,152.40396174928296
844.8734054013437,155.12205443983603
847.7028464039494,156.11918212111541
849.8852038492006,158.17765630874973
852.1246396117667,160.17388461867318
854.3640753743329,162.17011292859664
855.8970743190229,164.74885569118064
857.4300732637129,167.32759845376464
858.9397630279739,169.92005613243282
861.7141011204029,171.06156747661535
862.587005618729,173.93176568175767
865.4787109097995,174.73054006141373
865.2939088784294,177.72484268626673
867.658731631509,179.57081488175538
870.0072304407196,181.43751071748673
872.8957258715792,182.2478156884101
874.7715832707522,184.5890032114351
876.6474406699251,186.93019073446015
877.8229187700069,189.69030870951627
880.1057704693144,191.63673829184623
880.6386227167295,194.58903713891857
882.5779170470578,196.8779533672582
883.9323788182066,199.55478606851094
884.7218028379365,202.4490579488072
887.1087810452254,204.2662907456518
887.7610746840265,207.1945176850777
890.5809505323107,208.2183830083813
892.6440566253816,210.39636217465758
892.9879336709284,213.37658843746817
895.2435691526141,215.35449353472657
897.4992046342998,217.33239863198497
899.2631579867974,219.75901532405072
900.998638549162,222.20607625865262
902.234413197937,224.93972967806133
903.3067420363517,227.74153460744242
904.3790708747664,230.5433395368235
907.0035793091024,231.99659638889716
909.6280877434384,233.4498532409708
909.8886278650507,236.4385183016677
911.6659600107573,238.85535310029124
913.443292156464,241.27218789891478
916.3413740127141,242.04750819045483
915.8914855305657,245.01358309740343
917.8622979151473,247.27541831350112
919.9462076765651,249.4335008203269
922.3852805809997,251.18019007913998
921.1695836333183,253.92283131185675
919.953886685637,256.66547254457356
921.8524415015082,258.98829186839805
923.7509963173794,261.31111119222254
925.2374339270498,263.916970596058
927.6514790018549,265.6980900128319
930.06552407666,267.4792094296059
931.0382752070321,270.3171233180739
932.2255820334974,273.072173680559
932.012542261645,276.0645997958723
931.7995024897926,279.05702591118563
933.9719534346135,281.1259524184224
935.6021697219495,283.64436359543544
937.176405930005,286.1981412602385
938.7506421380606,288.75191892504154
941.6655006914518,289.4615664528481
940.7870896469348,292.3300841949704
941.7353061956104,295.17628962972344
943.6108202525958,297.5177522115407
944.8926190928966,300.2301297171626
946.1744179331973,302.94250722278446
948.4672349093937,304.8771881560821
949.9535493572442,307.48311781018083
951.0006119213666,310.29446268173496
952.0476744854889,313.1058075532891
952.2785884493644,316.09690747493784
954.2163689370987,318.3871054535756
953.980826457152,321.37784444923216
955.0860720482564,324.16682852651627
958.0703320290221,324.47373627682646
956.2331819688545,326.8454191511641
957.6440818706471,329.49293902212287
959.0549817724396,332.1404588930817
960.2341477099203,334.899003381011
961.4133136474011,337.65754786894036
961.1093679978569,340.64211099310495
963.6295114869077,342.2696480263532
962.4910616211288,345.0452438007966
964.4216413014622,347.34151514754194
965.820586886298,349.99537106877585
965.7934489063675,352.99524832127224
965.7663109264371,355.99512557376863
966.4816254484649,358.9085986102967
968.3930366781518,361.22085013446673
969.7860421717335,363.87782881237354
969.7274213403458,366.877256024047
969.663468096217,369.8765742770114
969.5995148520883,372.8758925299758
971.4424990041363,375.243044704066
973.2854831561842,377.6101968781562
973.5855636158477,380.5951511018803
975.2182518504758,383.11196041696695
974.8283230153555,386.0865117282645
974.4383941802354,389.06106303956204
975.4662187787891,391.8794981717955
976.7522936856258,394.5898507935045
978.0383685924625,397.30020341521356
977.2477408279212,400.1941467004105
978.8871869423305,402.7065591740996
978.0716016627526,405.5935681196583
978.5844811814427,408.54940211352675
977.9641612242725,411.48456874435647
977.3438412671022,414.4197353751862
980.18215865515,415.3913085349149
981.8830331203717,417.8625483155831
982.5913308951831,420.77773514702244
982.2497824720773,423.75822917900337
982.1802538566498,426.75742336605373
983.1178276006558,429.6071523837939
984.055401344662,432.4568814015341
981.4005068153692,433.85385492967674
983.2773724840634,436.194234228354
984.3983652020494,438.9769263288607
986.239492673805,441.3455228822541
986.2981346553566,444.344949680494
984.6105677892177,446.8252960418536
982.9230009230788,449.30564240321326
985.1372797551574,451.329739548562
984.7932017541575,454.3099426170169
984.6872379634601,457.3080706454808
985.9414992835418,460.0332914697347
986.5688268153989,462.96696837215154
985.9610615875906,465.9047603028143
985.3532963597823,468.842552233477
984.8239916061972,471.79548915759716
986.479795636204,474.29715120795754
984.9137060814885,476.85593285292276
987.6085190544387,478.1742587006627
989.438817578414,480.5512331037923
988.8824613143356,483.4991930267595
986.7743072899215,485.633598473095
987.9329362460301,488.40083155725443
987.6938534824819,491.3912896211928
989.0085406916153,494.08787960525433
987.8397139965384,496.8508208201331
986.3318437597104,498.536688159757
