868.1945592911944,498.33047160629263
868.0654794689784,501.32769338645784
868.5662412052966,504.2856044201841
868.755199633344,507.2796476250276
868.9441580613912,510.27369082987116
871.6764823957886,511.5124013415162
872.813943191263,514.2884025912923
872.4630428022522,517.2678100687939
870.0206795462046,519.0098955217808
867.578316290157,520.7519809747677
868.7669460035734,523.5064608538707
867.6319844040062,526.2834848306322
866.4970228044391,529.0605088073937
865.8329788764986,531.9860934774666
865.7676013851566,534.9853810234724
863.797450274374,537.247792259451
864.0406873882191,540.2379152847542
863.9530574312197,543.2366351767475
861.6854255441766,545.2007750966274
860.1443359098927,547.7746909342379
860.2996978182213,550.7706653462516
858.6981836177621,553.3074255370713
857.096669417303,555.844185727891
857.2747773008108,558.8388939911167
858.8574424234887,561.3874565486104
860.4401075461666,563.9360191061041
858.0974028560937,565.8099814149862
856.7551906411535,568.492977197701
858.9773719409029,570.508395335717
861.1995532406523,572.523813473733
859.0745697206844,574.6414643042206
856.9495862007165,576.759115134708
854.7176063654153,578.7636764370407
856.0172949586912,581.4675273132002
855.8746476164023,584.4641340167464
856.6563176130426,587.3605096858115
857.4379876096829,590.2568853548767
855.9584476396911,592.866667237946
853.5343847654161,594.6341284628563
851.4709940050792,596.8118379407612
850.778631429614,599.7308504559956
850.0862688541489,602.6498629712299
850.4298410565752,605.6301243929378
850.236987323003,608.6239192151404
852.146131981051,610.9380425209836
854.055276639099,613.2521658268267
851.214243982943,614.2157702304359
848.373211326787,615.1793746340451
847.5140889929803,618.0537282684392
849.1819142890395,620.5473919951323
847.3171521313573,622.897426483236
845.3094617730831,625.1265921175693
846.4139705597103,627.9158680702608
844.6563818872766,630.3470986349199
843.1345244127926,632.9324322357068
841.8444437575838,635.6408804820383
839.9592558930543,637.9745614189769
839.5859012540589,640.9512384779708
837.3077426868322,642.9031589534441
837.0376226199214,645.8909733970553
835.7726680280317,648.6112472583526
833.4880351347913,650.5555858459252
832.1653145480054,653.2482444297959
829.2276908947683,653.856822503622
828.3726083591148,656.7323805115955
829.2052869373452,659.6145058359622
830.0379655155757,662.4966311603289
829.1083541867342,665.348967532023
828.9944831795104,668.3468056520212
828.644033008014,671.3262661195049
828.0753066768877,674.2718645918503
826.609486348856,676.889376915781
825.1436660208241,679.5068892397115
824.5642370767524,682.4504011046056
821.5910533163516,682.8506239511403
818.654657789395,683.4651004024948
815.672188929029,683.1412493612011
812.6773942705901,683.3178986006161
811.7245715638539,686.162565345514
812.1278386668866,689.1353377289319
811.2043667862351,691.9896677178515
810.2808949055836,694.8439977067711
810.490491882408,697.8366669346187
808.514123587727,700.0936490709636
805.784434136546,701.3381551979518
805.5319091313817,704.3275081583374
804.6163302249782,707.1843797456072
803.3680779324005,709.9123581571923
802.1198256398227,712.6403365687775
800.6506438625291,715.2559636265341
799.1814620852356,717.8715906842908
796.5017862684425,719.2204188856917
793.6245176715056,718.3711100955097
791.180457991268,720.1108147484427
790.7935442881735,723.085759754045
788.9322197944084,725.4385179500588
786.5019019449447,727.1973684697386
784.071584095481,728.9562189894184
783.1178098689788,731.80056684523
781.4622276831522,734.302375716022
779.8066454973255,736.8041845868139
778.5478391164135,739.5273089863549
778.4915091514906,742.526780095576
776.8778496034834,745.0558318671151
775.1902132241546,747.5361309319793
773.5025768448257,750.0164299968434
773.5574036063495,753.0159289593738
770.6899240396235,753.8977231158577
768.6978682298618,756.140871272087
766.7058124201001,758.3840194283163
765.1273354746625,760.9351780930649
763.5488585292248,763.4863367578135
760.7006465698978,762.5441644621337
760.2769803353459,765.5140982865986
759.8533141007941,768.4840321110635
757.2280477190238,767.0321449168413
754.6119037524849,768.5004060470022
751.9957597859459,769.9686671771632
750.035955647061,772.2400473164639
747.218431284721,773.2703659407838
744.6945070218696,774.8920336981836
742.7512044416579,777.1775478814129
739.9761184283575,778.3172397778411
738.0611379360386,780.6265361455769
736.2419010804657,783.0119873111482
733.3410735473735,783.77697072486
730.4402460142812,784.5419541385717
731.4346145110479,787.3723659977608
728.4416191849808,787.577253718575
726.3017785062335,789.6798906034361
724.1619378274862,791.7825274882972
721.1855382198245,792.1580875707222
718.5721114592284,793.6311797494403
716.8151720133962,796.0628795219615
715.0582325675642,798.4945792944826
712.6672810467757,800.3065811778256
710.2763295259871,802.1185830611686
711.0108275917447,805.0272790905601
709.1430078241003,807.3748841075076
707.7766769256907,804.7040902412477
704.7954276879963,805.0389827355591
701.8141784503018,805.3738752298705
700.1786025291046,807.8888089081212
697.8371225706172,806.0133165450331
695.5662908330685,807.9737560926197
693.2954590955197,809.9341956402062
690.338660369825,810.441483818395
689.597194942479,813.348411581524
688.394537335336,816.0967955939906
687.1918797281933,818.8451796064571
684.2265746268263,819.3001143883839
681.561356887654,820.677290630846
680.0133294296725,823.2470398383242
677.300846884661,821.9654632924212
674.9907277230851,823.8794511344202
672.6806085615092,825.7934389764191
669.7722395009189,826.5292306639238
667.1196769525448,827.9306270842715
664.4671144041706,829.3320235046191
661.759890502184,830.6246714630798
661.1296199509293,833.5577174961692
658.1531188394998,833.9324722608613
655.1766177280704,834.3072270255535
652.269288521203,833.5673372480219
649.34008443013,834.2152287457602
646.8904586027071,835.9470870845463
644.4408327752842,837.6789454233324
642.1144567261686,839.5731403652802
640.3084426284931,841.9686179959413
637.8614450800571,843.7041879305588
635.4144475316211,845.4397578651763
632.4316978630461,845.7610123042356
629.5417243691162,844.9559947861761
626.6517508751863,844.1509772681165
623.9030558934286,842.9490305566271
621.2230420915005,844.2971870836947
618.5430282895724,845.6453436107621
617.6112889283025,848.4969855522864
615.5312076820665,850.6587584379192
612.7241141024285,851.7171655595672
609.785765484939,851.1120974624926
607.3333280441556,849.3842228724128
606.5722724208433,852.2860833684092
603.6827583026096,851.4794185306184
600.7893319828488,850.6869009395735
598.4836908216698,852.6062807445827
595.6539552718313,853.6025722270214
592.8456583417943,854.6577823258855
590.0373614117574,855.7129924247497
587.1759810940665,856.6143817288417
584.2153463909299,857.098780484603
581.2547116877932,857.5831792403643
578.2817449777235,857.9850112211932
575.4157261938414,858.8715417228876
572.4440765793936,859.2830007961286
569.4724269649458,859.6944598693697
566.5392386464395,860.3240679126612
563.7841949686944,861.5113902504097
561.0291512909492,862.6987125881582
558.3242472185094,861.4012173246222
555.5915690962562,862.6391471611471
554.6670714764552,865.4931450852848
551.6735749133912,865.6905743812971
549.0292691598033,864.2736597467683
546.3849634062153,862.8567451122397
544.2333031806576,860.7662049251701
541.2981247501966,861.3864690474252
539.6393486011845,863.8861613659852
536.8075215232893,864.8764923212219
533.9756944453942,865.8668232764585
531.05500611856,866.5520821308297
528.3919376732989,867.9334099180891
525.4316537581112,868.4199478318027
522.4713698429235,868.9064857455163
519.8343539199027,867.4760497903842
517.3290759055312,869.1263776580234
516.1040547316801,866.3878884534407
513.124946285361,866.0344583117286
510.14583783904203,865.6810281700165
507.1730066464375,865.2781948294429
504.2525168334173,865.9642992326101
501.3028918817966,866.5117594090398
498.36411759467643,865.908762154186
496.20145128019897,867.9879144843976
493.20310382802586,867.8883526641706
490.9622576853462,865.8937076920421
489.1479308892393,863.5045199060093
486.6614317601364,865.1830079402146
483.7102821872924,865.7221889846725
480.7111682804991,865.7950983398963
479.16174892486174,868.3640085485988
476.2003651741341,867.8842103817346
473.6715476944437,869.4982370712328
471.14273021475327,871.1122637607309
470.1967094324297,868.2653277446933
467.1999673119834,868.405101360025
464.2032251915371,868.5448749753567
461.2064830710908,868.6846485906883
458.23697716464505,868.2579933767466
456.5577750129495,865.7719764552955
454.8785728612539,863.2859595338446
452.3145660520097,861.7284393631406
449.3163788375201,861.6241636379149
446.47758998944585,862.5943583998309
444.10041324567646,864.424394117756
441.1568913730247,863.8450160156324
438.2207045736595,864.4604890688473
435.2207411378144,864.445677465537
432.2207777019693,864.4308658622265
429.2990844300276,865.1118272595836
426.3439141585982,865.6285173667654
423.38874388716874,866.1452074739473
420.9746873908395,867.9263114104233
417.9807892139475,867.7350688774898
416.11423663463654,865.3864562085578
414.3857426802905,862.9344552603953
411.52817306769845,862.0210572588699
409.34498680367705,859.9634621245958
407.1618005396557,857.9058669903217
404.63965620164123,856.2814323384439
401.7701433574437,857.1565872030167
399.08245275406085,855.8238009408999
396.584376521636,854.1625920025077
393.6746112906002,853.432341155021
390.7648460595643,852.7020903075344
388.9702614873395,850.2980382670967
386.1043148578642,851.1848019994399
383.32350791918645,852.3104630362541
380.8084761895075,850.6750378931466
377.8215645242168,850.3951116461626
374.9861505502694,849.4150975664966
372.15073657632195,848.4350834868305
369.31532260237447,847.4550694071646
368.4887811673502,844.5711780679862
367.66223973232604,841.6872867288079
364.6848291745463,842.0547460740717
361.7074186167665,842.4222054193353
358.7076140620219,842.4564491535546
355.7277855018909,842.8037555776639
354.7010597552503,839.9849199596852
352.4268040727021,838.0284534789099
349.4924094946809,837.4044915726371
347.99241501649965,834.8064121732681
345.91087446932784,832.646044391968
343.829333922156,830.4856766106678
340.92215804663147,829.7451845926366
337.9454467387726,830.1182660712243
335.0220704839142,829.444566381058
332.64086398244535,827.6197771884765
330.2596574809765,825.794987995895
327.3828960699123,826.6460131328986
326.8382372546756,823.6958696152058
324.7880603838615,821.5057155570677
322.0100650707994,820.3731335332808
319.0119702381038,820.4800324302065
316.0138754054082,820.5869313271322
315.079248661673,817.7362344211292
312.73614924445394,815.8627656807901
309.74039484107715,815.7032177110491
309.4878756575912,812.713864258884
309.26816678422324,809.7219204073114
306.9226087550528,807.8515307335283
304.0148362292373,807.1133851258652
301.23241363624186,805.9917236288044
298.64728857244285,807.5139353107061
297.278592427982,804.8443527845162
295.5694294670583,802.3788382392323
293.9160190924044,799.8755935182778
292.2626087177505,797.3723487973233
289.26474892140124,797.2590498942715
286.48225703168475,798.3805394767742
283.6997651419683,799.5020290592769
282.41217589406267,796.7923955178773
281.124586646157,794.0827619764776
278.13392094147656,793.8462907459906
275.1342796593777,793.8926823263494
272.13442143354246,793.9218478006057
270.975655734376,791.1546719741655
270.1518292823293,788.2700038863418
269.60849391030825,785.3196163400166
269.0651585382872,782.3692287936915
267.5285197708968,779.7926532953695
264.71871109142455,778.7414752967593
263.0069075723349,776.2777933546181
260.51374569587097,774.609217956937
258.34298264547067,772.538520543258
256.1066743287176,770.538789283208
253.8703660119645,768.539058023158
251.6444587282651,770.5503602790046
249.4185514445657,772.5616625348513
247.5011430707092,770.2543816399742
244.7382665811782,769.085401955122
245.1646026706793,766.1158502147429
244.21544970548305,763.269956919368
242.46206381197845,760.83569359991
239.77096105934055,759.5098105074977
237.07985830670265,758.1839274150855
236.4415199271427,755.2526266606113
233.58453620277868,756.1678555930206
230.81895405810488,755.0052914437964
230.66860247345727,752.009061412408
228.20494658834193,750.2972203918291
226.2216562284458,748.046318495179
224.23836586854966,745.7954165985288
222.1511358129102,743.6405452114536
220.819934231067,740.9520693702941
219.4887326492238,738.2635935291346
216.72033465750803,737.1077507372879
214.83531727818468,734.7739320897387
212.95029989886132,732.4401134421894
212.1296988518489,729.5545261671894
212.1846892976839,726.5550302010532
212.2396797435189,723.5555342349171
209.39285373732693,724.5018860143675
206.7210003418447,723.1376281820462
204.04914694636247,721.7733703497249
202.32665588122174,719.3171487533476
200.604164816081,716.8609271569703
198.1744761837755,715.1012075344039
197.8394601040471,712.1199721820167
195.83682985907888,709.886259554587
194.3510199657597,707.280042188189
191.9282308087224,705.5108353883653
189.5054416516851,703.7416285885416
190.38411643993143,700.8731916245314
191.99365984376615,698.3415182587173
191.4845390172878,695.3850345391535
188.49658054977758,695.6535567848501
185.8954578280078,694.1588459143828
183.29433510623804,692.6641350439155
183.20202130638626,689.6655556865603
182.08764653763896,686.8802067183376
180.97327176889166,684.0948577501149
182.1277094950798,681.3258735435234
179.85173959740294,679.3714014856855
178.6191245053698,676.6363219557829
178.0341027890458,673.693916546695
176.1251829530394,671.3796077817068
174.21626311703298,669.0652990167185
172.1891443713947,666.8537860524604
169.25576248147976,666.2250804870969
166.99993245894677,664.2473972694306
167.17722416440202,661.252640576279
164.84406226120632,659.3668103788656
162.51090035801062,657.4809801814522
163.89971532690168,654.8218086972895
163.8119400354399,651.8230930558509
163.7241647439781,648.8243774144123
161.8498027394857,646.4819925023803
159.97544073499333,644.1396075903483
160.45477420987186,641.1781485884608
157.68883590128263,640.0164320683584
157.1686734016586,637.0618710224525
158.0749217712498,634.2020259405269
158.981170140841,631.3421808586015
156.34344893246103,629.9130458660754
156.10856648051842,626.9222549616875
154.9822098444973,624.14172970043
152.25236318405055,622.897568452662
153.16141105488867,620.0386120051929
154.0704589257268,617.1796555577239
152.72338673401583,614.4990965655883
150.67155998909195,612.3104881015603
147.86163029821662,613.3613425788012
145.2671083218812,611.855203237866
146.68452015724517,609.2111639626339
147.75191274484942,606.4074747744521
148.81930533245367,603.6037855862703
148.5607526595043,600.6149479333841
148.3021999865549,597.6261102804979
145.82229784344312,595.937890697449
145.57417788788513,592.9481688897127
145.63269546665987,589.9487396618472
145.0566857768955,587.0045567807582
144.61713504299092,584.0369322842419
143.21392889121105,581.3853266394283
141.81808384129596,578.7298386246507
141.61243248990854,575.7368956713567
140.00563283228678,573.2034800204485
138.39883317466501,570.6700643695403
137.32664639479685,567.8682050745228
138.92353181115956,565.3285285268089
136.9527653869439,563.0666532647344
134.98199896272823,560.80477800266
135.22416865938348,557.814568338101
135.4663383560387,554.8243586735421
135.19974703941566,551.8362273059645
134.91624361464517,548.8496530463581
133.67078773579965,546.1203968008126
132.42533185695413,543.3911405552672
134.896947334803,541.6908120782787
135.9085975073608,538.8665309434828
135.16492432213553,535.9601672027275
136.15219779412584,533.1272727303716
137.13947126611615,530.2943782580157
138.0263301214534,527.4284610626471
137.27646244261493,524.5236893910293
136.52659476377644,521.6189177194115
138.10297747685888,519.0664644795078
137.8052135077091,516.0812782845317
134.9508849671413,515.1578019272274
134.47886410355852,512.1951685877231
132.3404520442235,510.0910787929447
130.20203998488847,507.9869889981663
130.38151582014925,504.9923624063259
129.8543640054249,502.0390403845625
129.3272121907006,499.08571836279907
132.15053752102796,498.0714037769176
130.9470213568362,495.32339561780867
128.81935563116238,493.208439693967
129.22938724766388,490.2365927811081
128.64941573370845,487.2931877727886
128.06944421975302,484.3497827644691
130.75276538084393,483.0082211570721
131.91764732898997,480.24361448579253
133.08252927713602,477.47900781451295
131.92765832891791,474.7102042655117
132.61408737725043,471.78979073972374
134.16267032499317,469.22037624339185
135.69669640847104,466.6422443663907
135.565253144963,463.64512530494545
135.64217801694065,460.64611170643155
136.6715229456557,457.8282314716223
135.64153770537047,455.01058521902166
134.61155246508523,452.192938966421
132.6492014894393,449.92375879543823
135.6491131147064,449.94678574893305
138.47034148516724,448.92665316847746
139.69068543443416,446.1860764690422
139.73602164347022,443.1864190505775
139.78135785250626,440.18676163211285
138.81246272614078,437.3475289480756
140.41133500057217,434.8091027722622
140.78097543039382,431.831962205772
141.15061586021548,428.85482163928185
140.4937523438484,425.92761643279806
139.79084755951155,423.0111245565611
141.1839143605424,420.3541780219342
141.2652991623442,417.3552821394409
142.46259981949416,414.60456020940353
141.26428156886743,411.85428142894966
142.11862186726742,408.9785028118566
142.24340846002875,405.9810992176993
143.79572787500462,403.4139403924824
146.2440103107704,401.6801834560231
147.35747011466256,398.89446859891433
147.99747872423868,395.9635320626399
145.82038871090762,393.89948771382996
148.27690661380512,392.1774192503988
149.97248394273652,389.70254197634785
150.46539594126145,386.7433127250545
149.08170762180134,384.08147001095784
150.40339026957423,381.3883018063007
151.72507291734712,378.6951336016436
151.55745713824524,375.6998197699064
153.38465323319306,373.3204596814357
155.57490086219033,371.2703827746657
155.49955520953264,368.27132908514534
155.42420955687498,365.272275395625
157.70856341450013,363.3276089838327
159.49713214106634,360.91907791483044
158.6145513203851,358.05184037758914
157.73197049970386,355.18460284034785
160.0723476580189,353.30773450270743
157.58909010302065,351.6244543966217
160.4541043124023,350.7346827517367
163.04795689539554,349.2273908829537
165.59963064825445,347.64974673455686
166.06547883891204,344.68613652684377
166.82328406780553,341.78342551210915
169.54177632156726,340.5146466242656
171.66983214072744,338.40008321057036
171.41423536381396,335.41099132713293
172.88325622399427,332.79527388972593
174.35227708417457,330.17955645231893
175.43314280451466,327.3810337537164
176.6539704680483,324.6406724972484
176.79802712935546,321.64413321361917
176.94208379066262,318.64759392998997
179.51976195692623,317.11280558263786
180.84445538603038,314.42111701987875
182.3463963333135,311.8241623820627
183.63988409109197,309.117339628265
183.81693966350633,306.12256896521296
184.90613792021583,303.32727879108415
187.04287388964008,301.22148692174653
189.17960985906433,299.11569505240885
190.724920462385,296.54431115667006
193.65830160056674,297.1730202294212
196.53904638141233,296.33557798805117
199.00305564809122,294.6242456609678
201.3597822701345,292.76794837094326
201.2973827444483,289.7685973912821
203.10513326967023,287.37442988700013
204.9128837948922,284.98026238271814
206.9387881484181,282.76763689466895
207.7996233803504,279.89379578850736
207.14281009711667,276.966579310184
206.34989521231458,274.073261839622
205.5569803275125,271.17994436905997
207.73521363365614,269.11710659938285
210.73182395976397,268.9745353769575
212.5478346999563,266.586627298428
214.6984369056599,264.49499870978644
216.617402716263,262.1890129731141
219.46812275333747,261.2544567842083
221.72838859959828,259.2818447330875
224.0110739492357,257.3352200659905
226.2937592988731,255.38859539889344
228.0183906072025,252.9338760971544
230.06512205215355,250.74050189464162
232.90273483245844,249.766872751153
235.74034761276332,248.79324360766435
236.76360461987804,245.97314696084698
238.6611900970348,243.64953568593805
240.19535758495363,241.07148795189337
240.46257444508913,238.08341245926283
240.72979130522464,235.0953369666323
242.82412095109396,232.947365054704
245.333255197456,231.30290607566766
247.31500737886648,229.0506498088377
249.99940593262565,227.71124531258738
252.29399656940768,225.77866832586932
254.58858720618971,223.84609133915126
257.57887776099665,224.0872601551962
260.24577231469806,222.71333386916857
262.75972006144156,221.0762429350286
265.27366780818505,219.43915200088864
267.50134112269865,217.42980593716445
269.2410466499323,214.98574687926245
272.2048656778469,214.52122909728706
274.29063977439023,212.36494840633125
276.1920342775027,210.04445299725722
278.5684766320741,208.21346371946254
277.29092086162467,205.4990851067058
279.15902791000275,203.15170868699798
281.0271349583808,200.80433226729016
283.9715955954009,200.22974410430797
285.89988866857215,197.93155224461483
288.804088954388,198.68362983360873
287.98844016200394,195.79663883128774
290.88303983868474,195.00841759853677
292.9184031713202,192.80449017138244
294.9537665039557,190.6005627442281
297.95235163785634,190.50843677204827
300.950936771757,190.4163107998684
303.2596842653982,188.50066860712855
305.81714257509134,186.93241894773703
308.37460088478446,185.36416928834555
310.78473565794883,183.57776217483982
313.6793104555332,182.78944958380157
316.3951892225593,184.0638131594019
319.3479313903159,183.5334230286944
322.30067355807256,183.0030328979869
323.8737139245946,180.4485184616816
324.73511594072727,177.57484719192882
327.3827039061805,176.16407507525395
329.81308589030243,174.40531317799338
332.15618780328333,172.531847559044
334.88790762523337,171.2918044894834
337.6196274471834,170.05176141992285
339.7707702720573,167.96068883701386
341.8353632479353,165.78411909451643
343.89995622381326,163.60754935201902
344.66607767478564,160.70702217194295
347.1529435545285,159.0290775673238
350.02211685245675,159.9053449845292
352.40113763021765,158.07770712680627
355.1788820488589,159.2109043491411
357.95662646750014,160.3441015714759
360.92789071662645,159.92986883271197
363.738879523617,158.881850737938
365.958772027685,156.8639118710783
368.2736258577206,154.955653045455
371.0637018324053,153.85316673919647
373.85377780708995,152.75068043293797
374.30001489766073,149.7840539888101
377.221195355711,149.10089607770536
380.2053589675549,149.40873944331014
383.1975843260786,149.1928982891993
385.9489835988861,147.9971549883215
388.94837763361204,148.05744946941687
390.3270979676997,145.3930301630063
392.5308576690769,143.35748522894426
395.4543873539933,144.03051879527857
398.3779170389097,144.70355236161288
400.97370572621816,146.2075075108249
403.9723916952474,146.29629072515775
406.207123928012,144.29479832001525
409.0605597107962,143.36856712127135
411.91399549358044,142.44233592252746
414.8240241570491,143.1715362912813
417.63853811076683,144.21005023164426
420.45305206448455,145.24856417200718
423.41361950000123,144.7637544570075
424.60734315101394,142.01147833622804
426.4527529932255,139.64621671977446
428.6480032488971,137.60149759114736
430.84325350456874,135.55677846252027
433.77483849987823,136.19381018486703
435.28776218947297,133.60323845077764
438.22469691536384,132.99134432933488
441.1616316412547,132.37945020789215
444.14675859626,132.0810929346427
446.72630130231335,133.6127454499499
449.6068861594746,134.4507376221648
452.1861210831408,132.9185668717128
455.11454295018603,132.2671489040368
458.0429648172313,131.61573093636076
460.8162550465576,132.7597857007506
462.5040170453674,135.23999928739462
465.46237049561444,134.74185787834344
468.4207239458615,134.24371646929225
471.15327507977463,133.00550634958316
473.8858262136878,131.76729622987403
476.79573523370794,131.03761856459633
479.5719627439017,132.17452700930224
481.2885175705016,134.6349008685514
483.7384129329072,136.3663779008171
486.71833053551234,136.01983629915296
489.6982481381175,135.6732946974888
492.21351881525777,134.03823707748938
495.2123499241652,133.95449950976146
497.3270196944418,131.82654937813749
498.4707786746274,129.0531371485465
501.211766279877,127.83371640578865
504.2075486288835,127.99273878591484
507.10263911861165,128.77915537798648
509.95506598566374,129.7084889930674
512.4891064115615,131.3143031541446
515.0231468374592,132.92011731522177
517.8071983887638,131.80250514649845
520.8046748748683,131.6794819159638
523.3084912166884,133.33202653758065
525.8029582036096,134.99865020570732
528.473076195144,133.63099896680026
531.1431941866784,132.26334772789323
532.6915619187798,134.83289192214
535.6119528569361,135.51941706249167
538.601405150635,135.7707634046151
541.4202638744414,134.74410109634593
544.2391225982478,133.71743878807675
547.0523772900185,134.7593591493475
549.5329793306565,136.4465501628318
552.046095636905,138.0849171642293
555.0457412181107,138.03880439861376
557.3771837654314,136.15084898374212
559.7086263127519,134.26289356887045
562.5583753310777,135.20040651947483
565.3644021378126,136.2616386146763
567.3146309423049,138.54124551283405
570.3056615584471,138.30943556201186
573.1806402074899,139.16646401401812
576.0908716454968,138.43807333777616
579.0011030835037,137.7096826615342
581.3868274752003,139.5285611970236
584.0207167664595,138.09237625023218
586.9142844035898,138.88437772078146
589.2435352385282,140.77503648109192
590.9730641953778,143.2263074957737
593.9730445016681,143.2154372671715
596.9730248079585,143.20456703856925
599.9099679589528,143.8164207202833
601.7601435052711,146.1779563325081
604.6165764979424,147.0949026550258
607.3075732622165,148.42100084696585
609.1352874974408,150.7999629472017
611.3760741000378,152.79467480649907
613.6168607026349,154.78938666579646
616.6099870571663,154.5864220732953
619.4755294314917,153.69835287500848
622.421105748154,154.26719394483212
625.388963222608,153.82921904677596
628.1747164030336,152.7158551270494
631.057449622595,153.54642672831997
633.5414911385212,155.22854971643795
636.0255326544475,156.91067270455594
638.6390313028454,158.38363733916955
641.2525299512433,159.8566019737832
643.9418346996673,161.18612819394755
646.8089804549767,162.0690071311817
648.2889297735178,164.67855690356575
651.1707816205918,165.5121814782491
654.0526334676658,166.3458060529324
656.9464105610804,165.55457022612146
657.8040605914683,168.42936351005955
660.1713347702951,170.2721909469782
662.5386089491218,172.1150183838969
665.449406531913,172.84114332632535
668.0831708039951,174.27755752811538
670.8330653300865,175.476757301036
673.5829598561778,176.67595707395662
675.5937270385783,174.44956642131254
676.1416172241526,177.39911152938453
678.6975427071216,178.96985814342196
678.5121077261412,181.96412163680873
681.2346299024837,183.22422996521672
682.2946181504199,186.03072687671283
685.1775698296518,186.8605398768601
686.4934142047106,189.5565653924341
689.4932081945168,189.591722450367
692.4827248621099,189.84230196705425
695.472241529703,190.0928814837415
697.597664499839,192.2100912508686
700.2299992449605,193.64912349151723
702.8911768126607,195.03409062223528
705.5523543803608,196.4190577529533
708.4380426989597,197.23930340390302
709.0417742175297,200.17792693431403
710.8683329806352,202.55777631713696
713.7760985105488,203.29594948316668
716.6838640404624,204.03412264919643
719.6707598762548,204.31421775112796
721.5224150898405,206.67459335047673
723.3740703034262,209.0349689498255
726.0348676326031,210.420666453989
728.5464870015672,212.0613273407795
731.0581063705314,213.70198822757
733.9964633196408,214.30701586298835
736.9348202687503,214.9120434984067
735.977827887319,217.75531020800017
737.597266419208,220.28066539914317
740.4378454078792,221.2456063347033
743.2784243965505,222.21054727026342
746.01650164494,223.4364889417354
745.6349228904459,226.41212293369725
745.2533441359518,229.3877569256591
748.2166430597678,229.85558113207773
751.1799419835837,230.32340533849637
751.8655295853669,233.24401651430892
752.55111718715,236.1646276901215
755.5320648397698,236.50219411668192
755.829597326842,239.4874033922833
755.9986256611039,242.48263784424472
757.6678885471908,244.9753394744309
758.4605704957634,247.86872077118517
761.2842075918601,246.85527439887596
764.2477685671106,247.32143568638477
767.2243598749977,247.69547336605157
768.0452044705517,250.58099136979888
769.5478898350018,253.1775153337683
771.0505751994518,255.77403929773774
773.8911848571722,256.73888994548867
776.5486596382863,258.1309487760496
777.7631766888168,260.8741127037015
778.2241329063496,263.8384877416341
779.9984514229354,266.2575358605645
781.7727699395213,268.67658397949486
784.645420737785,267.8117849327594
787.511300050012,268.6987661996129
790.4214278416969,269.4275708621002
789.4219297823488,272.25617539956374
792.419343215666,272.13162537038147
792.7119205689085,275.1173243659886
795.6523710888446,275.7120938505851
793.7837063333889,278.0590263233499
795.8377056091131,280.2455960055975
797.8917048848372,282.4321656878452
799.7106124795887,284.8178679244529
801.5295200743403,287.2035701610606
800.9619221648508,290.14938628111
801.123644005081,293.1450241174301
801.2853658453113,296.1406619537502
803.5293806146228,298.13174148885463
805.3584809979087,300.5096379937226
808.2483447953066,301.31504921321795
811.1382085927045,302.12046043271334
810.9727809761591,305.1158959108507
812.6508946563794,307.60264770310056
814.7794364261584,309.71672195305155
816.9079781959375,311.83079620300254
818.7601013851499,314.1908046123057
820.6122245743624,316.55081302160886
822.2607816991846,319.0572565989107
824.2916322133003,321.2653431437082
826.3224827274161,323.4734296885057
824.790118236855,326.0525495128
825.2541781904305,329.0164402596879
826.6583099981633,331.6675558487396
828.0624418058961,334.3186714377913
830.5414244817191,336.00824087790596
829.4283014839184,338.7940903339547
831.0306790675068,341.3303052459078
831.5898014133045,344.27774179355896
832.1489237591023,347.2251783412101
833.1142121870749,350.0656392634589
835.6492700653182,351.66984671698754
834.9749919300434,354.5930896073903
837.7314002636455,355.7772403994978
838.8882815933451,358.5452045591271
841.5986440375873,359.831258765155
844.3090064818293,361.11731297118286
845.6917355863021,363.77965408825327
844.154352893365,366.3557857726703
843.8414092377446,369.3394188379796
843.5284655821245,372.32305190328896
844.33026360652,375.2139202724949
845.1796115043746,378.0911773253857
846.0289594022292,380.9684343782765
848.3215552082868,382.9033773929536
850.5441628594218,384.91832533995273
850.3576835699645,387.9125239764168
850.8762451469312,390.86736642414456
849.8965927219057,393.70290537223565
850.8407446817442,396.55046170648666
851.7848966415828,399.39801804073767
853.9927746687786,401.4290952468099
856.0793282383488,403.58462167933476
858.165881807919,405.74014811185964
857.7747880094573,408.7145464780515
857.3836942109955,411.68894484424334
857.9078365967231,414.64280245074434
859.4695456511731,417.2042600102696
861.031254705623,419.76571756979484
861.575053588591,422.71601971955556
863.7135902414059,424.8199828809648
861.3633664734268,426.68450647706817
862.9614742823234,429.223414004164
863.9665233725242,432.05005093279254
865.0352205911383,434.85324308727047
863.7428135903112,437.56058202877983
862.4504065894841,440.26792097028925
863.2750389895383,443.15235876729247
864.7546276162486,445.76211306525033
866.234216242959,448.3718673632082
867.3101246313827,451.1722996762126
866.4593251130044,454.0491278218493
863.8462922797037,455.5229186523583
863.0683639323353,458.42030152080366
862.2904355849669,461.317684389249
863.6389165585299,463.99753495671325
864.4670188359624,466.88097849146664
866.3810123830494,469.19109292623153
868.2950059301364,471.50120736099643
869.8148399982304,474.08773097493486
868.0227229618632,476.4936230190554
866.7217140869118,479.19683886454345
865.4207052119604,481.9000547100315
866.2561017189745,484.7813934051641
867.0914982259885,487.66273210029675
868.7603123885897,490.15573416421523
868.8933204596369,493.1527841893293
869.0263285306842,496.14983421444333
868.1945592911944,498.33047160629263
