914.1741346049655,501.85202592209504
913.0255618113412,504.6234480367766
912.824799644598,507.6167229243211
910.1506283639499,508.97643170261034
908.5273143418998,511.499297451281
906.9040003198497,514.0221631999516
906.1655506822807,516.9298585300669
904.4154563748216,519.3664893833147
903.3822010060908,522.1829380945446
902.3489456373599,524.9993868057745
905.3426199328652,525.1941025278687
907.4991584246983,527.2796100759832
906.7171243442009,530.1758874620325
906.7452290136682,533.1757558137363
906.7733336831355,536.17562416544
909.3320618356121,537.7418011164018
909.511572093683,540.7364256449943
909.1190151711448,543.7106312637382
907.2035245440949,546.0195045079167
905.4515482716628,548.4547825497089
907.961482833086,550.0980197502897
908.1861273418074,553.0895970674757
909.0341755877707,555.9672374502404
908.6312980204405,558.9400626495654
908.2284204531102,561.9128878488905
907.0472958706093,564.6705942728255
905.8661712881085,567.4283006967605
904.1991151672078,569.9224786955745
901.925339244832,571.8795027257858
899.6515633224562,573.8365267559969
899.7463034881782,576.8350304329997
900.8489305603006,579.625050780564
902.281075602018,582.2611389011481
900.534397971545,584.7002201329249
898.787720341072,587.1393013647016
898.7073288481557,590.1382240392411
901.225934212453,591.7681403005665
899.4301215041133,594.171275069273
899.3905147783877,597.1710136090923
899.350908052662,600.1707521489116
900.9279768832187,602.7227815185871
902.5050457137753,605.2748108882627
901.6508654934598,608.1506370567265
899.2757829433856,609.9833898715744
896.9007003933114,611.8161426864224
894.476557868392,613.5834946657626
894.8401891726481,616.5613751661463
892.5978767883323,618.5543716967865
894.2468466790269,621.0605437378847
892.9303683864385,623.756259766168
890.5479737733888,625.5794975201954
888.7464750436607,627.9783727413746
887.1488955708526,630.5176127513112
885.5513160980445,633.0568527612477
886.6989698920809,635.8286555625007
884.4307300736331,637.7920933959978
884.2875565615234,640.7886750060045
885.60168670238,643.485536510215
884.2017352898281,646.1388619788474
882.8017838772763,648.79218744748
882.189472120322,651.7290351303359
880.5179917862196,654.2202503945612
879.3578908537336,656.9868667081191
877.1634550206849,659.0324598677263
877.8324595616443,661.9569141628343
878.5014641026038,664.8813684579424
875.5146840366427,665.1626953808949
876.6745242098287,667.9294210219124
875.3030469914206,670.5975758598834
873.8920389115947,673.2450380784364
872.7872625886829,676.0342080761836
871.682486265771,678.8233780739308
868.8071421155685,677.9675766846495
866.2214579009656,679.4888383788866
864.5468813856052,681.9779734684716
862.8723048702449,684.4671085580567
861.7387860071391,687.2447217397261
860.2508989954036,689.8497538393957
860.9808592602774,692.7595919812354
860.4380650136175,695.7100791284355
858.7464247784817,698.1876491708097
857.176017111027,700.7437829227874
855.6708691641952,703.3388801576032
854.8777622566722,706.2321449974061
854.0018447219082,709.1014251287793
853.4920667734551,712.057795613558
852.4756703198905,714.8803721402763
851.4592738663258,717.7029486669946
848.6707835423687,718.8094393868821
846.1836158362519,717.1319422030842
843.4318756528351,718.3269007642775
841.0255084241832,720.1183796954598
839.8460743633877,722.8768095561297
838.6666403025923,725.6352394167997
840.620560872632,727.9116827844184
837.6594586230833,728.3932152004791
834.8836655787646,729.5311839940372
834.9813608611688,732.5295928440435
833.0985996324365,734.8652319761832
831.2158384037042,737.2008711083229
829.3330771749719,739.5365102404626
827.0894322827405,741.5280065617156
824.6078912984939,743.2138162613866
822.5692082863129,745.414673270791
820.530525274132,747.6155302801956
820.4658217913238,750.6148324422513
821.2206420819118,753.5183210902259
818.4494108995494,754.6673544813431
816.1943746326778,756.6459427242813
813.4339637203489,757.8207327459855
812.7751082481839,760.7474902464967
812.1162527760189,763.6742477470078
810.6280502334955,766.279099603146
809.1398476909721,768.8839514592843
807.960643950362,771.6424797876019
805.7426215259298,773.6624739768797
804.5596217662912,776.4193765084711
803.3766220066527,779.1762790400626
800.6238175102997,780.3687837171427
797.8710130139466,781.5612883942229
794.9374869354261,782.1893208349777
797.8988197145414,782.6694335002319
796.6356306884336,785.3905276706569
795.0909805942284,787.9623083935164
792.707858806456,789.7845955675492
790.5090870178107,791.8255273698046
787.5210490137808,792.0931631044767
786.8466019329854,795.0163670205945
784.2760346527494,796.5630356527779
781.8470077245083,798.3236685452002
780.0931578999417,800.7575976306232
778.8191491475444,803.4736428619872
776.6018433972027,805.4944237035189
774.3845376468611,807.5152045450507
776.2002047743763,809.9033739029608
774.4415426440412,812.333828080954
771.4416131770271,812.3132564271466
768.441683710013,812.2926847733391
765.5743164330157,813.1748439986526
762.7069491560185,814.057003223966
763.6119993795617,816.9172277069157
762.7495457747514,819.7905835462697
764.7869504542647,821.9926240027321
761.7888486344677,822.0993267586955
758.7907468146708,822.206029514659
755.9821511963154,821.1516146757294
753.2827629569072,822.4605467339144
750.5833747174988,823.7694787920993
749.6425436416575,826.6181340690206
747.7988700963527,828.9847493436995
746.6650218580954,831.7622280875607
743.7453946509362,832.4519939690127
740.825767443777,833.1417598504647
737.8780902136843,833.6996119340795
736.4542555225739,836.3401980001622
733.4544973986558,836.3021034075389
731.8929062886832,838.8636328735522
729.7002793605127,840.9111648400576
726.9106390543615,842.0147530614049
724.1209987482102,843.1183412827522
721.630016832586,844.7901693528698
719.9342669988042,847.2649284323014
716.9759981631714,847.7635720887574
714.0221957393653,848.2880253670551
713.2699377041747,851.1921789181765
710.5474237819325,852.4523050797957
707.5536444200262,852.2592114956872
704.8141452563293,853.4819724421129
701.8418844535232,853.888992982261
700.2018154263206,856.4009988711895
697.5998310728448,857.894209313246
694.663961794637,858.5111951974242
691.7082718196592,859.0249040369588
688.7525818446815,859.5386128764934
686.5997010658714,861.6278960914334
684.1798135154628,863.4010695864353
681.4417400474897,864.6270197012367
680.9489071978403,867.5862621350881
678.0132321087585,868.2041713285337
675.4235080278427,869.7185455176707
673.554582185966,872.0652700855665
670.5553896164042,871.9956717329601
667.7248038742903,871.0017983222376
665.3261212052433,872.8035534258003
662.7110085812802,874.2736506892453
660.0958959573171,875.7437479526903
657.0960561751527,875.712743415213
654.2403138431704,876.6318384773932
651.9103647008961,878.5216366132837
648.9213576028733,878.7782229885441
646.1124444279216,879.8317915793737
644.132989991952,882.0860675464904
641.2328734268091,882.8537418970999
638.2359304823923,882.9891412616125
635.6014102885944,884.4241685604716
632.9668900947964,885.8591958593306
630.2624004166881,887.1575546622066
628.2648190043006,889.3957835381002
625.5026843775494,890.5665150631312
623.5433047488882,892.8382614113813
620.5687760043523,893.2283623572016
618.3702114980296,895.2695174496769
615.3917749311246,894.9104692399286
612.4133383642196,894.5514210301802
609.926395280523,896.2292512058696
607.2313949733272,897.547194051449
604.5363946661313,898.8651368970285
601.6037638704236,899.4973367199223
598.6711330747158,900.129536542816
596.9597033453546,897.665594927952
594.3325472273848,899.1140598850062
593.995046771306,902.0950150074706
591.175610887096,901.0699387689257
588.252547906744,900.3948811322043
585.329484926392,899.7198234954831
583.5501357964752,902.1351737131253
581.7707866665584,904.5505239307674
578.9978663605414,905.6954750111541
576.0447396513522,905.1672301441905
573.1849273077087,904.260878468987
570.2433083535919,903.6719150331262
567.3106313690603,904.3039005585919
564.7611505798699,902.7227150206016
562.9985468998531,905.1503122415572
560.0914353856978,905.8910568967967
557.2334535636592,904.9789494991198
554.3754717416206,904.0668421014428
551.375497945826,904.0543031801795
548.5246100763627,904.9883472667977
546.2148652525227,906.9027868319823
544.9061257023573,909.6022684099585
542.0971816340142,908.5487821874949
539.1167556588925,908.2066403940526
536.6571880464069,909.9243502530251
533.7263401580751,910.564764693416
530.7608580024479,911.0185439179916
527.7608964426877,911.0033570828567
524.7609348829275,910.9881702477219
521.7809338483409,911.3339936619993
518.8009328137542,911.6798170762767
517.2356134674724,909.1205641883901
514.235976002122,909.0739264733227
511.3020338871399,909.7000124625717
508.31032175618367,909.9228543919508
505.31860962522745,910.1456963213296
504.0401586219476,912.8596534013537
501.32128241557274,911.5916974973853
498.5665733649156,912.7797959976065
496.4026082114616,910.7019955224316
493.4040359659849,910.6094509998662
490.68951544998845,909.3321967697952
488.2810104329767,911.1208005780852
486.222557598861,908.9384229916624
483.6827782169243,910.5351448494351
480.83057625130994,909.6051212221302
477.97837428569557,908.6750975948252
475.0582352291755,909.3626933267682
472.0660844494975,909.1458207566443
469.07243030869404,908.950795411496
466.1349224202258,908.3416588051532
463.3743665487326,907.1672094531739
461.3671208219752,904.9376434432934
458.36911111252425,904.828383285698
455.3708321274877,904.9299860803842
452.3747024888609,904.7776470225488
449.60671292116433,905.934467558813
448.340526902814,903.2147666622191
445.34451844421966,903.3694706247765
442.435512708243,902.6362001234913
439.5265069722663,901.9029296222062
436.6375574102958,902.7116140034022
433.74860784832526,903.5202983845983
431.02504519778654,902.262440487779
428.5469213894083,903.9532693940699
425.89798848759,902.5450242159619
423.2490555857717,901.1367790378539
420.3002779520088,900.5847731804397
417.4533775315529,899.6386452842183
414.6006721434657,900.5671235924077
411.74796675537846,901.495601900597
408.94293624684735,902.5594646014234
406.076527845927,901.674194654383
403.2101194450066,900.7889247073425
401.99570099183524,898.0457171285041
398.9961172639278,898.0956917147741
396.0529960746408,897.5142816484955
393.9424102058604,895.3822808768014
391.17037025907945,894.2352000019497
388.3052237788022,893.3458543736617
385.30764361660306,893.2253837498973
382.3252914547226,892.9004597856733
379.33521712520354,893.1442947789598
377.33338631222347,890.9098656804642
375.3315554992434,888.6754365819687
372.6177459488846,887.3966724425038
369.9700766251333,885.9860530210913
368.27080959028825,883.5137076681341
365.3509621157649,882.8248747961545
362.43111464124155,882.1360419241748
359.50730368685623,881.4642313087359
356.70106835431295,882.5249118725181
353.89483302176967,883.5855924363004
351.34016956232483,882.0127940992663
348.7760575128059,883.5701410090818
346.9752171933273,881.1707714786133
343.9915610723598,881.4834952414025
341.95010612159194,879.2852091626617
339.6742681378225,877.3305835024311
337.398430154053,875.3759578422005
334.5065965639346,874.5776480733372
331.7837745548492,873.3181877496905
329.14574374475194,871.889624329685
326.5077129346547,870.4610609096795
324.0927658156684,868.6811647294207
321.42663612556214,870.0565746594177
318.8572918637249,871.6052741345143
318.4629850495913,868.6313000027627
316.61984172626,866.2642717626145
313.76865428283065,865.3311425312478
310.96165554281566,866.3898011511787
308.0133588883537,866.9443702066518
305.06506223389175,867.4989392621248
302.5069563524133,865.9317461345412
299.9488504709348,864.3645530069576
298.1416762584327,861.9699504583773
296.1373475567252,859.7377617442423
294.55333576788496,857.1900359637049
292.21482857250675,855.3108382367043
290.72038772272987,852.7095603687097
287.8451130744938,851.8535254995538
285.7769486886344,849.6803490057865
282.79986526781755,849.3102486065736
281.40505935139373,846.6542146354977
280.12372997282426,843.9416153242071
277.123757599816,843.9287404965636
274.1237852268077,843.91586566892
272.78865142680246,841.2293404529423
273.53132562645,838.3227212771338
270.5386234355281,838.1135954861578
267.83369971011047,836.8161411942181
265.8537861365676,834.562268473477
264.59379453519057,831.8396922735408
262.56452514275827,829.6301525628912
259.8191276593103,828.4206929075585
257.3616228659591,826.7000330949704
254.90411807260782,824.9793732823823
253.1954802763005,822.5134947612402
250.2309860205804,822.9736836439856
247.2664917648603,823.4338725267312
245.0648012949057,821.3960896446481
242.8631108249511,819.3583067625649
241.30722777552216,816.7933061901479
238.31077624065816,816.6474357023474
236.6926779176449,814.1212215750293
235.6428190801118,811.3109197369247
233.4737742904916,809.2384225232664
230.8692976157992,807.7495634799103
228.65982985683965,805.7202157467412
225.65989548893015,805.7400598449912
222.6605304605228,805.801780395596
219.66116543211547,805.8635009462008
220.7416390322267,803.0648268316489
218.86309229818596,800.7257966548395
217.75060513865907,797.9396932253367
214.97702782253117,796.7963346326543
212.83818445252842,794.6926832740411
210.61740251699857,792.6757232856366
211.14986999862663,789.7233550191413
209.01855373620805,787.6120779199547
207.3438322982238,785.1230403338271
204.84647501428753,783.4607507692896
202.3491177303513,781.798461204752
199.78787865971933,780.2363938492682
197.18479543125213,778.7450998790287
194.5817122027849,777.2538059087891
195.9147091583311,774.5662197954703
195.2446636465066,771.6420038301072
192.3512116262618,770.8495800757048
189.7784656888969,769.3065381638397
186.81707679580123,768.8267717374928
185.1257051156301,766.3490183519608
182.89899936475715,764.3386001121338
183.8820174935923,761.5042262203579
182.6554941603151,758.7664094783303
181.34517754632608,756.0676930480427
180.3633288352696,753.2329138487756
177.77078449615524,751.7233729087127
176.70531467871376,748.9189524573322
174.26067384594745,747.180064537203
172.15526558838638,745.0429505793164
170.04985733082532,742.9058366214298
169.26966053166538,740.0090637696893
167.08392267874902,737.9541793353893
165.42038828452112,735.4576510821503
162.4207693756137,735.5054674112123
160.42446358637048,733.2661007159536
157.4984333762804,732.6040227676423
157.08173672251206,729.6331030617703
155.32504901105585,727.201221427229
154.79916625556874,724.2476731666649
155.0269474708118,721.2563330459193
155.25472868605488,718.2649929251737
153.89167247759184,715.5925263168565
151.79699690368014,713.4448917483003
149.35507469288083,711.702188125648
146.91315248208153,709.9594845029959
146.39710979219717,707.0042011084266
145.61402601167242,704.1082073596973
144.05654362161565,701.5441776007704
141.14000936418398,700.8414486877267
138.2234751067523,700.1387197746831
138.77560059951787,697.1899645389542
140.3079104538926,694.610812253767
141.8402203082673,692.0316599685798
139.18884299096825,690.6280224365538
137.47991146166618,688.1623474725415
135.6510090687264,685.7842986847536
135.08345092027744,682.8384749038513
134.51589277182848,679.892651122949
131.58778156803112,680.5454640963161
129.3185376145862,678.5831868784506
128.49079918566449,675.6996388741188
126.95606571643762,673.1219280333853
125.42133224721074,670.5442171926518
123.85927344442169,667.9829729058589
124.49570150862301,665.0512568010669
125.13212957282434,662.1195406962748
124.74734358922464,659.1443197386272
122.97012365255216,656.7274024258725
120.63267643990761,654.8468863987937
122.90598504689684,652.8893195474732
120.40666012934528,651.2299898766405
120.22476629890909,648.235509181353
120.0428724684729,645.2410284860655
117.27022410045237,644.0954190293512
116.16899925057965,641.304844925332
115.6051696572706,638.3583052277021
115.04134006396154,635.4117655300722
113.90873141356639,632.6337810727633
112.77612276317126,629.8557966154543
113.86509543435731,627.0604185513259
111.41842940115816,625.3243813046087
108.971763367959,623.5883440578915
108.66795246020642,620.6037672147979
107.15809510956467,618.0114071355047
105.27209075032273,615.6783860132427
103.40686355472661,613.3287206096568
100.62866578152213,614.4608059125212
99.16427643607994,611.8424927446677
97.69988709063776,609.2241795768141
96.71920561153459,606.3889963664124
99.62846484486732,605.656732265648
100.90714475580127,602.9428830278727
99.37939584929713,600.3610264713082
99.98128414182666,597.422024857951
99.72419150094461,594.4330612626551
99.46709886006258,591.4440976673592
101.68184246336494,589.420509079817
101.19210392428438,586.4607529811934
99.78121405316479,583.8132277647749
98.3703241820452,581.1657025483563
97.13469427881037,578.4319836999317
96.37239266407953,575.5304502694541
95.61009104934867,572.6289168389766
96.06640909435745,569.663824286998
94.61194780564738,567.0399831409596
93.1574865169373,564.4161419949213
93.43875715911553,561.4293566283694
93.72002780129374,558.4425712618175
94.50499878385935,555.5470884771113
95.28996976642496,552.651605692405
93.0629811188069,550.641500828628
91.64334183317415,547.9986568493722
91.3844781196812,545.0098461196944
91.12561440618825,542.0210353900167
91.98550987425536,539.1469129528199
89.92265240602477,536.9686983018349
90.27313475129587,533.9892416188719
90.685904637638,531.0177737962413
89.33173058146697,528.3407955323039
88.88037462985336,525.3749435796699
89.93589824386922,522.5667644720888
89.05859104439897,519.6979089376017
89.39951469622532,516.7173433765671
89.74043834805168,513.7367778155325
91.54953790598137,511.3436295147583
91.07757356472432,508.3809871704005
90.60560922346727,505.4183448260427
89.19160907396329,502.77247945206716
88.31706185422651,499.90278135636953
87.44251463448974,497.0330832606719
89.37893012550055,494.7417310297451
90.50759154185758,491.9621405190355
89.53103488675728,489.1255339020758
87.93946791310613,486.5825210101732
89.47482471992853,484.0051813981422
91.01018152675094,481.42784178611123
88.22010511606175,480.3253565832556
90.14186427775175,478.0216982482457
91.05108129972231,475.1627955904137
91.84726846328994,472.27037687927066
93.34645002370807,469.6718283134551
94.84563158412622,467.0732797476395
92.65389471837385,465.0247950610231
92.27605650491566,462.04868379219414
92.68159025470544,459.0762197675537
92.3891121275559,456.0905110501569
89.76388650821146,454.6385501527711
89.32902556949172,451.6702348117105
90.68798905925841,448.995684712445
92.04695254902511,446.3211346131795
92.61525052208064,443.37545346719287
93.15875309700631,440.42509671739987
93.70225567193198,437.47473996760687
96.65950513916918,436.9700860381411
98.41276573461965,434.5357324721116
99.13691959667517,431.6244438941671
100.38383038853534,428.8958520454029
99.83618000794026,425.9462624026502
98.8383773917112,423.11705934541897
97.84057477548215,420.28785628818775
97.0189045075188,417.4025732915399
99.6012441668609,415.87564111105877
99.07070797900356,412.9229251827355
98.54017179114624,409.9702092544123
101.46798799024027,409.316074479062
104.35659794172805,408.50617785098797
103.52519689026354,405.6236837414322
104.12018266012382,402.68327697813163
103.5031138416767,399.74742513014945
101.01178264545833,398.0761175968842
101.865479101658,395.2001477846866
102.53829513009522,392.2765680283129
104.43381821132624,389.9512740149631
106.24572773587755,387.560252502128
108.05763726042886,385.1692309892929
108.50889848503358,382.203364622248
106.48653058390614,379.98750630717245
106.18954280798447,377.0022427910062
105.89255503206279,374.01697927483997
108.57360628249849,372.6708870816611
109.8954620358603,369.97780383614037
111.21731778922214,367.28472059061966
112.92377703363468,364.8173339473959
115.07645382462869,362.7278405558017
115.93131936812702,359.85221803145345
115.26086326063279,356.9280961790123
117.02254958412884,354.4998331583313
117.73550607956258,351.5857821917868
119.95038786807751,349.56234485326974
122.16526965659246,347.53890751475274
123.0179074969813,344.66262367737903
124.29299081107308,341.9470827474491
125.98053668711685,339.46672210507313
127.66808256316062,336.9863614626972
127.70975198089273,333.98665086671866
127.75142139862486,330.98694027074015
128.23098836302006,328.0255190702587
126.25479856000811,325.76838064684034
128.2450029144516,323.523589648205
130.8031927332487,321.9565335384876
133.36138255204582,320.38947742877014
135.59322278536993,318.38476069742984
137.12938282646724,315.8078997527656
139.20677986420782,313.6435472981994
141.2841769019484,311.4791948436332
143.32898200327872,309.2840246685503
143.6306427564693,306.2992297358984
141.85640066088732,303.88012556570135
144.19231523792675,301.9977060883333
146.52822981496618,300.1152866109652
147.55692006969429,297.29716731614684
148.88245560467416,294.6058933528526
150.20799113965404,291.91461938955837
152.5955973754177,290.09821181884564
154.98320361118135,288.2818042481329
155.01219786462886,285.2819443625271
155.04119211807637,282.2820844769213
155.6970979459649,279.354664530118
155.65278090927228,276.354991881268
155.3569159940641,273.3696168709973
157.9123156542571,271.7980149568073
158.40839285079664,268.83931466528173
159.67571552736132,266.1201432412143
160.943038203926,263.40097181714685
162.82371552065877,261.06365437393833
165.29124866028846,259.3574069695947
168.02950327589207,258.13186151547006
170.76775789149565,256.9063160613454
169.74752694178648,254.08512326232307
168.7272959920773,251.2639304633007
171.20885809104158,249.57815184527757
173.69042019000585,247.8923732272544
173.53558839912682,244.8963713720258
176.53427445634227,244.80759113626556
178.3689906813928,242.43402496412367
179.85873398203955,239.83005397769196
181.34847728268633,237.22608299126026
184.06582251054525,235.95484937282797
186.9963226657221,235.31284560297263
189.11662883786235,233.1905115726221
190.32069234334853,230.4427431917799
191.52475584883473,227.69497481093768
192.89275295227188,225.025034001671
195.7706436854702,225.87223228293186
198.6485344186685,226.7194305641927
199.92828256128493,224.00608490035444
201.1332171988801,221.258698411503
202.5207129627543,218.5988383578101
204.87144418597398,216.73495458563437
207.22217540919368,214.87107081345863
209.23116756471407,212.6430783271478
210.89955452043128,210.14979034418383
211.35603205042824,207.18472234081395
211.81250958042517,204.21965433744407
214.52433068771518,205.5026298953003
217.0807237469289,203.93264437727666
219.63711680614261,202.362658859253
222.38185141224088,201.15169563021314
225.12658601833914,199.94073240117328
224.90559369713588,196.94888307442415
226.80203354706472,194.62433668951334
228.6984733969936,192.29979030460257
229.73486456278118,189.4844939877866
230.9006774305671,186.72027974910958
232.06649029835302,183.95606551043255
235.06501312402756,184.0501976723582
238.0635359497021,184.14432983428384
239.55054312795266,181.53879540698657
242.45276587077623,182.29846846234497
245.35498861359983,183.05814151770335
247.3110616498623,180.78354742714413
249.26713468612476,178.5089533365849
250.3272455027813,175.70250272123323
251.8586713151515,173.12282541947508
251.37525793793964,170.16202966381536
253.57514650010762,168.122301663801
256.14043247243563,166.56688921683494
259.03847251336094,165.79141264001674
261.93651255428625,165.01593606319852
264.726863201124,166.11772699967074
266.5058229458119,163.70208997669314
267.1630617334183,160.77496900617183
270.0875794985053,160.10624197539582
272.9288086303838,159.14321704313028
275.05990210461897,157.03171506489954
276.33440619671063,154.315902236437
277.6089102888023,151.60008940797448
279.6169093799187,149.3712018715394
281.62490847103516,147.14231433510434
284.6096995981087,146.84061592983315
287.33769667030384,145.5924044196736
289.95491440232047,144.12605816342386
292.8221696035196,145.00858159721824
295.8221409036895,145.0217040267613
298.1327892020544,143.10835501488103
300.43415389905283,141.18384974562102
302.73551859605124,139.259344476361
304.45724844427326,136.80258923219415
306.17897829249523,134.34583398802727
309.15705284669366,133.98379538561633
312.13512740089215,133.6217567832054
314.9289150699713,134.71480319580704
317.8174400665115,133.904603625107
320.5024243525357,135.24283356940023
323.50015062820296,135.3596118900504
324.2165726516651,132.4464109899581
326.53295073615055,130.54000269955557
328.849328820636,128.63359440915306
331.58368766909916,127.39938142598064
333.94907910958494,125.5541379912879
335.9838889652861,123.34969954779682
337.2113043827185,120.61228262795261
339.9677301819906,119.4281724924048
342.85850413370196,118.62603412522184
345.83884537275327,118.9689132567101
348.8191866118046,119.31179238819836
351.60183494200675,120.43289375311731
354.46876205622266,121.3164824140753
357.33568917043857,122.20007107503328
360.30329014662095,122.63978057704719
359.6523635150952,119.71124945712197
360.3655463981876,116.79725388827427
362.676265146205,114.88398995782438
365.12120287642153,113.14551951074631
367.56614060663804,111.40704906366823
370.0110783368545,109.66857861659014
372.9807573715627,109.24313011111087
375.95043640627085,108.8176816056316
378.5031445251644,110.39365154815431
381.49905706792936,110.55020197486516
384.49496961069434,110.70675240157601
385.9601300447456,108.0888706428843
387.32315873846073,105.41639000121276
390.1812144654751,106.32826579389538
393.0392701924894,107.24014158657802
395.86955009443386,108.23488561226979
398.01686303461264,106.13988032899705
400.1641759747914,104.04487504572431
403.11583089400443,103.50846732962997
405.90355994309687,102.40006002685448
408.89900481942,102.56531738042588
411.8944496957431,102.73057473399729
413.6951613982714,100.33110867581317
416.5585559563941,101.2260788454352
419.3446993779808,100.11369184697234
422.1308427995675,99.00130484850949
425.0815367079041,98.45963570659207
428.0778935445191,98.31183277133516
430.283495715886,96.27828437956727
433.2674848564041,95.96875439835411
436.10787736308566,96.93424412278785
439.10061512897516,96.72562805289245
441.92043023204536,95.70159544379393
444.90945934887884,95.4452656977214
446.23975168055574,92.75633983182594
449.0704609431242,93.74986138207497
451.9731837266854,92.9921012341425
454.94400870555114,92.57472976297127
457.8622166585028,93.27047565288345
459.52117754969487,90.77090593761338
461.86734126459436,92.64053580015012
464.62047567453715,93.83227860830509
467.37361008447994,95.02402141646006
469.22160314648636,92.66077753510204
471.0695962084928,90.29753365374403
473.6243597853892,91.87016936049989
476.311251804675,90.53577388812367
478.65359042400297,92.41019374301338
480.99592904333093,94.28461359790307
483.9940871310762,94.17950374637692
486.9926829553818,94.2712810990142
488.6008409693584,91.73872748613987
491.30417019129646,90.43795420927124
494.2272623984983,91.11288527848949
496.9667644619231,89.89013082869545
499.9496047253499,89.56971865214759
502.72004074704813,90.72066793412175
505.49047676874636,91.8716172160959
508.0351740110019,90.28274467707426
511.0186594790197,90.59709235422
513.620107501496,92.09123698789962
514.3946987194754,89.19296018175613
517.3748893043761,88.84877407269708
520.3550798892768,88.50458796363803
523.144468264647,89.60881280095572
526.1438287573943,89.54687222825278
528.8090250243532,90.92409002460471
531.8018390156491,91.13160969476539
534.5732836523919,92.28012814279725
537.4803483850814,93.0210563714085
540.3874131177708,93.76198460001976
543.3183685844608,93.12206268893966
545.9173649224595,91.62365752508386
548.5613017644338,93.04126042281334
551.2705979886185,94.3295592893882
552.8566790343874,96.87599737350745
555.1325737082561,98.83055702556622
557.4832675471549,96.96662610523587
560.4544519921875,96.55182133959705
563.4256364372201,96.13701657395822
565.9008553404983,97.83209515055994
568.7592081532484,96.92115102612453
571.7463322161275,97.1988015852251
574.5834781759593,98.17379020188177
577.4085156580168,97.16425405841287
580.3257486371579,97.86407671124091
583.242981616299,98.56389936406896
585.9283614627516,99.90133537385263
588.0859755845702,97.81694066523117
590.1372066519161,95.62777390402843
590.8035965856789,98.55282509267107
593.4423820922389,97.12565619924293
596.1127678926948,98.49278445830403
598.7831536931507,99.85991271736516
597.9338416239982,102.7371803464174
600.9277300914109,102.92857482045825
603.8642773974841,103.54232551837595
606.8255204488975,103.06165974004763
607.7090148775384,105.92861589502462
610.4266470193795,107.19923603559852
613.013145483138,108.71911290461605
615.8755429384761,107.82095879329998
618.4414910131345,109.37527873403185
621.4323947424286,109.60872012302318
624.0456408270774,111.08213279470355
626.6588869117261,112.55554546638395
629.5150733379023,113.4732595280211
632.3712597640786,114.39097358965824
635.2668973859895,115.17537320884094
638.2485788543437,114.8443511230623
640.9556129896531,116.1373964394645
643.9475485418811,116.35721830214895
646.9394840941092,116.5770401648334
649.9369552697884,116.45388761320712
652.1399509528716,118.49025939171833
654.7172705353223,120.02564982086521
656.7040842314582,122.27344236842087
658.9755300894768,124.23317033783138
661.2469759474955,126.19289830724188
662.5119060373106,128.913183562115
665.4949695343018,129.2315107097449
668.470221449694,128.84696417165685
671.4454733650862,128.4624176335688
674.3787945385307,127.83342884716453
677.3121157119751,127.20444006076025
680.2939468436746,126.87476885785027
682.7783264177165,128.55639251731844
683.4586413537652,125.63454864952041
685.5836785402347,127.75214562631317
685.42997605975,130.74820563030053
687.1992549025355,133.1709421773629
688.968533745321,135.59367872442525
691.5929608297585,134.14027496824764
692.6384843116671,136.95219257884324
693.6840077935757,139.76411018943884
694.9821799081154,142.4686894840855
697.9269430863272,143.04172510623115
699.693079930736,145.46675307448677
701.4592167751447,147.8917810427424
704.4506028262067,147.66460381344444
707.1778370720311,146.41472647210156
710.0016201976931,147.4277658885247
712.8254033233551,148.44080530494784
711.6504714080389,151.2011558251484
712.3523971668718,154.11788348283034
714.7867667450683,155.87112184561823
717.2211363232649,157.62436020840613
720.219256465163,157.73054690599636
723.1558965434182,158.3438535591361
726.1321594835588,158.72049518076798
728.3959758229994,160.68903158664975
729.221490494655,163.5732170049059
732.1605607977758,164.1747697900489
735.1294129515672,164.60595059774806
738.0804857206743,165.1455518500028
741.0607198894049,165.48936037161135
741.9304522160361,168.36052140506328
744.4230215765325,170.02998179186926
745.9658806644959,172.6028373717044
748.6362331834763,173.97003063689235
750.6721050349075,176.17348832982637
753.4507325912775,177.3045183484295
755.6784421380813,179.31382424228423
757.9061516848851,181.32313013613896
760.4339893361605,182.93869097027513
763.3889068305465,183.45682473811075
761.651005927199,185.9021673419485
762.3292039605889,188.82450329585697
763.0074019939788,191.74683924976543
765.9812596114618,191.35165464614573
768.9653292130989,191.66040796610397
771.4451315495546,193.34877415035095
773.3663981679161,195.6528432858522
775.8102341373263,197.39286218075452
778.2540701067365,199.13288107565685
780.9478422682602,200.45333234011173
783.3149329459283,202.29639547622418
785.6820236235964,204.13945861233663
786.1088348945632,207.1089420925021
786.525302726405,210.0798938836022
789.4503403819425,210.74634321677604
791.7081534294709,212.72176222104085
793.9659664769993,214.69718122530568
796.3217445715673,216.5546821187519
799.3171897830101,216.71993339785183
801.8212798499459,218.3720632161996
803.7923677807905,220.63365831012743
805.1781155100808,223.29442948231923
807.2866724268042,225.428436916453
809.1686116993949,227.76473838978237
810.2357424645356,230.56852724240485
811.3028732296764,233.37231609502732
813.8931394037611,231.8588693178355
816.851568540571,232.35656103212733
816.4777658227891,235.3331818558432
818.8347580404165,237.18914190014485
818.2346828029322,240.12851423269447
817.4759882211735,243.03099292023205
818.3330971535424,245.90594757692722
819.1902060859115,248.78090223362238
822.0014403197018,249.82826181025573
824.8090293395167,248.77116962136418
825.1860790430732,251.74738089092284
827.9084529178331,253.00780958229126
829.9107034562071,255.24186257664496
831.9129539945812,257.4759155709986
833.2493687024365,260.16180382791254
834.7650014830901,262.75079152085516
836.7365566900513,265.01197927641726
838.3347389893906,267.5508399141992
840.6095336179256,269.506679733302
843.0503050961338,271.2509946679298
845.491076574342,272.9953096025576
846.307418239364,275.8821047608515
847.3468558376028,278.69627772628337
849.100396702499,281.1304294132452
850.8622932961601,283.5585398706267
852.6241898898213,285.9866503280082
855.2346374732799,287.4650154432673
853.5943516490954,289.9768797737954
855.0666783715666,292.5907378461278
853.9520484521928,295.37598471899867
852.837418532819,298.1612315918695
854.1248846433419,300.8709236434235
855.9893688682943,303.2211786455252
857.8538530932466,305.57143364762686
860.4898616413172,307.00372514536684
862.4542459088136,309.27114536438506
864.0832766036511,311.7903236024772
866.0812136203856,314.02823505674934
867.8455403129682,316.45458031697933
865.6891573707143,318.5402487005812
867.7886661005624,320.6831586597935
868.3933825994277,323.6215796568598
869.6780491979421,326.33260007925827
870.9627157964565,329.0436205016567
872.614648179666,331.5478408197005
872.5076709948863,334.5459328599716
875.5012402727551,334.3496092022021
878.4948095506239,334.15328554443266
877.2736476112055,336.8934978569581
877.3893765127439,339.8912648294476
879.3702409658847,342.1443018948957
877.7801187228523,344.688218413222
876.1899964798198,347.2321349315483
878.9116773023028,348.49405945406465
881.6333581247858,349.75598397658104
883.5289328666929,352.08123587644985
883.1854387507105,355.0615062991272
884.8497578205121,357.55751151424494
884.1034648539209,360.46320365348066
884.5013279725185,363.4367041056178
885.2344444618974,366.34574865890346
887.4086483476989,368.4128329491455
888.3244360434568,371.2696376145538
889.2402237392146,374.1264422799621
890.8750495222675,376.64186364805636
893.5025719809911,378.08966395504046
896.1300944397146,379.5374642620245
896.8267805751186,382.4554478858195
896.0993143413757,385.36591054298657
897.904744148721,387.7618285738777
897.4255878593285,390.7233162490734
895.1652484216365,392.69584397420533
895.6079806634018,395.6629954974851
897.7016507053871,397.8116103432156
898.6976284848756,400.641456321845
899.8643724826513,403.4052776698439
902.3421930975111,405.0965508590644
903.3013521221694,407.9390873962819
904.2605111468279,410.78162393349936
904.7361485617768,413.74367880292715
905.246027884086,416.70003180564544
905.7559072063951,419.6563848083637
903.7311075725628,421.8700212832241
901.7063079387304,424.0836577580845
899.4780704646193,426.09237818635887
901.6619055279565,428.1492847024989
903.8457405912936,430.20619121863893
904.7020021606401,433.0813983633261
903.6579311120279,435.8938555888586
902.6138600634157,438.70631281439114
903.4991872708845,441.57270353020704
905.8669354858578,443.41492186430605
905.4242627712335,446.3820822690916
904.9815900566092,449.34924267387714
906.8365405435256,451.70702949441215
906.2262218769054,454.64429201675756
907.477363836297,457.37094633981536
908.7285057956885,460.09760066287316
907.6843057805619,462.91001000868494
907.3211670772,465.88795061959723
908.0840810228024,468.78932310716334
908.2999932969458,471.7815433346657
908.4919500779874,474.77539580167405
910.6869036679902,476.8204333900166
912.881857257993,478.86547097835916
912.9457326857394,481.8647908895607
910.7427560595647,483.9011832840978
909.1932486389408,486.4700403749908
907.6437412183168,489.0388974658838
909.0481800708358,491.6898504095505
908.3966185664272,494.61824034362223
908.9477026641835,497.567190380025
910.5772006297426,500.08606639528233
912.9890962429222,501.87009541722256
915.4009918561018,503.6541244391628
914.1741346049655,501.85202592209504
