955.8985255093552,499.9283553177352
957.2222355360049,502.6205276311927
958.6298602114724,505.2697903159816
958.6330191434885,508.2697886528392
959.8868827544346,510.99519248441084
961.1407463653808,513.7205963159824
958.5048870642192,515.1531624556354
956.3285909220476,517.2180438327534
954.152294779876,519.2829252098716
954.7247734233922,522.2277967185656
954.5577739081307,525.2231449724256
954.3907743928693,528.2184932262857
955.0987991126028,531.1337463878904
956.0100817869451,533.9919912842286
955.9718860866495,536.9917481224538
955.933690386354,539.9915049606791
955.4569572877292,542.953383680795
957.9694983826203,544.5926326693516
955.9045073948428,546.7688248071
956.4910496429318,549.7109274890618
957.2096907966596,552.6235817583098
956.2068819640394,555.4510142411852
957.5316841967398,558.1426492543756
957.6744847217749,561.1392486620458
957.81728524681,564.1358480697161
956.4154149450258,566.7881602038691
956.1718123481991,569.7782534757955
953.8182633807563,571.6385779791683
952.9338880714814,574.5052625297153
950.5876877592275,576.3748464659909
950.5212001285737,579.3741096079926
950.4547124979198,582.3733727499944
949.1495210334679,585.0745716025637
947.5957925621142,587.6408778659128
949.0926894513913,590.2407431899003
949.8729222990758,593.1375063323395
950.6531551467602,596.0342694747787
949.9894912830573,598.959940385188
948.9953394493356,601.7904283522191
948.1654455836913,604.6733567543419
948.8191381648135,607.6012717137261
947.668497549628,610.3718359477199
946.5178569344425,613.1424001817137
944.4824995915308,615.3463331404615
944.9877197976969,618.3034859169142
942.9039613478943,620.4617145245636
942.1092141011907,623.3545292116559
941.1669799597721,626.2027207120198
940.2247458183537,629.0509122123837
938.7355528126704,631.6551979478252
938.4288211312845,634.6394760306509
936.6248790113556,637.0365143757648
937.2824361841413,639.9635638397333
934.3750887461171,640.7033819759087
931.6182128207619,641.8864437376934
933.1878506262333,644.443050308841
933.1099703851592,647.4420392498092
933.032090144085,650.4410281907775
933.5759618356705,653.3913169195449
934.1198335272559,656.3416056483123
931.6665201002181,658.0682362482718
929.2132066731804,659.7948668482312
930.2805523654715,662.5985738894799
928.1082891905533,664.6676975442899
927.2195462221774,667.5330310215945
926.3308032538016,670.3983644988991
926.2913505967259,673.39810506899
925.1245142918764,676.1618874478479
922.503626871609,677.6216645302424
919.8827394513415,679.0814416126368
922.2197626660239,680.9624845398545
919.6162279728445,682.4529901927827
920.0246510351632,685.4250585974744
918.9868235800749,688.2398257589755
918.9853817780081,691.23982541251
916.926367208231,693.4216730243852
915.0695106924209,695.7779590595884
913.2126541766107,698.1342450947916
912.0000430085448,700.8782520472394
910.7874318404789,703.6222589996871
907.8639562378098,704.29552744585
906.4207586182796,706.9255807972066
906.3110249528924,709.9235732125874
906.201291287505,712.9215656279681
903.8006828045293,714.7207540315171
901.5805566671839,716.73843585338
901.1494594503721,719.7073001462801
900.7183622335604,722.6761644391802
899.7118667531857,725.5022866672491
898.2733326626148,728.1348936774702
896.081060250221,730.1828052160521
894.5256678557715,732.7481033467357
893.2920282585171,735.4827209331792
891.6007187199024,737.9605167368302
890.181401534692,740.6035337113815
888.7620843494816,743.2465506859328
886.1356120814323,744.696255285211
884.6797035062305,747.3192936418985
883.2237949310286,749.9423319985859
881.416868569218,752.337121576606
879.0544726896594,754.1861985647936
876.692076810101,756.0352755529813
878.2214894299442,758.6161469248757
879.7509020497874,761.1970182967701
877.9170374591238,763.5712425201976
876.0641884638397,765.9306811400128
873.1400869022632,766.601225737773
870.998722090442,768.7023103963943
868.3373598941954,770.0869227105059
865.6759976979488,771.4715350246174
865.6848608487134,774.4715219320153
863.0596217592986,775.9234584745022
861.8184411559282,778.6546616360808
859.9191187558973,780.9768533638977
857.7133033773457,783.0101704851912
855.5074879987941,785.0434876064847
854.5567091605448,787.8888381298364
852.9615040702262,790.4295704494289
851.3662989799076,792.9703027690214
848.4553417044403,793.6957872556953
847.7590241172702,796.6138588479969
847.1674245074374,799.5549487652972
846.5758248976047,802.4960386825976
846.6542638481828,805.4950130624535
844.064314751507,807.0090023875903
841.9967427178705,809.1827424561643
839.6119166247885,811.002798638197
836.6621606147901,811.5495522220701
833.6681138245286,811.7384538306525
832.7778904015603,814.6033276947517
829.7806321359437,814.4750978651759
829.0709347700946,817.3899442846133
828.3612374042455,820.3047907040507
826.8348612502033,822.8874590599128
824.019948490906,823.9248915432801
822.118199564654,826.2450964957571
820.6488992174965,828.8606569500083
819.179598870339,831.4762174042595
817.7705686602238,834.124732812367
816.3615384501087,836.7732482204746
813.7021535973753,838.1616545749155
811.0427687446419,839.5500609293565
808.515561802725,841.1666081982995
806.3313507441085,843.2231154439511
804.1471396854919,845.2796226896025
801.5314197034049,846.7486390187532
798.915699721318,848.2176553479039
797.8289916690229,851.0139145649789
795.0766166368705,852.2074101378171
792.1566426713613,852.8957066151785
789.236668705852,853.58400309254
791.7660099288836,855.1972089000777
791.0964902647185,858.1215453067341
790.4269706005534,861.0458817133906
788.8384000372662,863.5907674800719
785.8986705774173,862.9924442372534
783.049791542246,862.052290929031
780.3169530601594,863.2898667169433
777.5841145780729,864.5274425048556
774.8512760959863,865.7650182927679
772.9446465494373,868.0812142629367
771.0380170028882,870.3974102331055
769.5172117373703,872.9833629288006
766.9155406083206,874.4771190455309
763.919944942091,874.6396201361923
761.0014124062996,875.3340031987213
758.0828798705081,876.0283862612504
757.2702333056545,878.9162237844902
756.4575867408008,881.80406130773
753.7532489156016,883.1027363737866
752.3043060000575,880.4758438317334
749.9906998279496,882.3856151479868
747.1168182441603,883.2463152364942
745.77570934919,885.9298626893692
743.1944121165378,887.4585564444104
741.7433856529555,890.0842986636665
738.8552369030058,890.895838433588
736.1629962953848,892.2194095539576
733.4707556877637,893.542980674327
731.2913404814142,891.4813916371199
729.5926067572598,893.9541034550276
727.2725575866584,895.8560424251294
724.2808604767214,895.6329989262454
722.709413667095,898.1884939711466
721.7051229209434,901.0154004247092
718.938185624994,902.1747355791338
715.9428755697484,902.3424188309623
713.246723750605,903.6580043918933
710.4723068031227,904.799324067323
708.0318830607155,906.5441254765083
705.0377449909231,906.7315747203587
702.0436069211307,906.9190239642091
699.8589278410866,908.975034012146
697.6742487610425,911.0310440600829
694.8586397512407,912.0665854179838
692.043030741439,913.1021267758846
691.4013676983265,916.0327015555316
688.6171833778309,917.1499829298983
685.8329990573353,918.267264304265
683.6381086145785,920.3123696669041
680.6731807339904,919.8549828908479
677.7082528534023,919.3975961147917
674.8447868064632,918.502854700736
673.4231989269467,921.1446510405041
672.0016110474303,923.7864473802722
670.5178315689545,926.39382124285
667.638559312317,925.5513301318241
664.6698414076873,925.1192259745534
661.8385037586676,926.110955331406
658.9604684082877,926.957662200378
655.9641267318572,926.8095522476901
652.9677850554266,926.6614422950022
653.8665033544048,929.5236626602225
651.190099477828,930.8789715879008
648.2566560120106,931.507389786916
645.3232125461932,932.1358079859311
643.2836096735352,934.3358125590731
640.9375295390169,936.2055473002646
638.5914494044985,938.0752820414559
636.0203031721853,939.6209880458637
633.0731489885616,939.0603792536126
630.3838843413055,940.3899865855036
627.6946196940494,941.7195939173947
624.8738398624163,942.7409661029626
622.0530600307832,943.7623382885305
619.290183414861,944.9313176746576
616.5680346006906,943.6704029933604
613.5869755202812,943.3338220088876
610.5942703276748,943.1247391780591
607.6753930927246,942.431806506518
606.0357046690225,944.9440608473795
604.6195497620608,947.5887735500163
601.7542316844713,948.4775661660062
598.7558352147981,948.3794916501959
595.757438745125,948.2814171343854
593.9122968097461,950.6468877510505
590.9367463391183,951.0291172589995
588.0277487758067,950.2958143361585
585.0342798217397,950.0979668670384
582.1356571843979,950.8712629334254
579.2792711575283,951.7883555489797
576.4517845779155,952.7910118420878
573.6242979983027,953.7936681351958
572.2577586189502,951.1229809343655
569.8819843079535,952.9548369394074
567.101801888384,954.0820395449387
564.3216194688144,955.2092421504699
561.5751786677745,954.0021535346744
558.8287378667345,952.795064918879
556.2242826808396,954.2839615521834
553.3521284518725,955.1504083682241
550.5695348682701,956.2716456082828
547.5846920199085,956.5728318805211
544.807614327832,957.7076620405763
541.9554649632016,956.7774771117378
538.9754072931904,956.432142081068
536.26508024931,957.7182708907953
533.463009856389,958.7899058627496
530.6938393447347,957.6359151013551
527.9328140092483,958.8092603603486
524.9367659933046,958.6553243796312
522.1717509218239,957.4914121602243
519.3817009769507,958.5939643381793
516.8041922023996,957.058891533029
513.9841665098476,956.0354389970771
511.1641408172955,955.0119864611253
509.1481104663544,957.2336123576443
506.22211838696705,957.8958588007171
503.23222757732776,958.1419338836378
500.50973780169903,956.8817555543537
497.50976549700266,956.894646289577
494.6208743750459,956.0857531659324
491.806177647129,957.123771629089
488.8980318038688,957.860445067139
485.9052468509969,958.0683831008504
482.912461898125,958.2763211345618
479.9786218496722,958.9028852335128
477.6982084920799,956.9535994877807
474.8225586579094,956.0988258152598
472.0034901999032,955.0727395474078
469.2277371415252,956.2108058718834
466.30138193286905,956.8714458591463
463.3194709050787,957.2003936093166
460.3375598772883,957.5293413594869
457.34363744585335,957.3384789101926
455.08084117571684,955.3687700383397
453.09669946837005,953.1186185578462
450.60704849045095,954.7924279879028
447.61430123123597,955.0009078249647
444.621553972021,955.2093876620264
441.6255815108445,955.0539881386296
438.629609049668,954.8985886152329
436.2209978838505,953.1101277540735
433.81238671803294,951.321666892914
431.98518591800195,953.7010233681749
431.114690521785,950.8300935945362
428.4475979831517,949.4565516802261
425.57128902992235,948.6039985701077
422.58072192006824,948.3662836958172
419.77778491614134,949.4356499343049
416.97484791221444,950.5050161727926
414.8892300043538,948.3485844111987
411.9280467573284,947.8675503401228
408.9541484282911,947.4726722215224
405.9938060871833,947.9588545159805
402.99507685599804,948.0461642979919
400.20833875395243,949.1570606705701
397.83048168203277,947.3279090241718
395.4526246101131,945.4987573777736
392.5124763937041,944.9024952998691
389.5723281772951,944.3062332219646
387.92746863065713,941.7973615489144
384.94804320699484,942.1481095280029
381.96861778333255,942.4988575070914
379.161319636705,941.440993094257
376.17856791369906,941.1197577305359
373.4408281692265,939.8930625395715
370.70308842475396,938.6663673486071
367.98614386342376,937.3942776306004
365.1439428451688,938.3544304162707
362.2292287990045,937.6441895915553
359.8098553664019,935.8703146823194
357.12245380071056,934.5369457068592
354.4350522350192,933.2035767313992
352.8564084209574,930.6525213207261
350.097873283616,931.8317091327616
347.2768244699631,930.8110801154456
344.4676740311316,929.7581443092291
341.65852359230007,928.7052085030127
338.84137771286845,927.6738554625841
337.05281446766054,925.2653203231495
334.17151525570625,924.4297876480304
331.22016269578313,923.8917188168988
328.26881013586,923.3536499857671
326.2720294061788,925.5925932002265
324.04303140622693,923.5847167308661
321.3588535307779,922.2448700482379
319.0090170040325,920.3798584403455
316.6591804772871,918.5148468324531
314.01520840719724,917.0973096397895
311.37123633710735,915.679772447126
308.52703606572175,916.6339866873519
306.7281668241977,914.2331390345637
304.08739161237645,912.809655181255
301.14315973207925,913.3854143627202
301.89676784979224,910.4816108561246
298.8984440099469,910.3813404646071
295.90012017010156,910.2810700730896
293.0216323771865,911.1262375275264
290.7502055808111,909.1664874647103
288.4787787844357,907.2067374018941
285.5529910541841,906.5435887326582
282.62720332393246,905.8804400634224
280.64480304435716,903.6287542213166
281.27141954107594,900.6949253636564
281.8980360377947,897.7610965059962
279.34567603229095,899.3376301727172
276.3485353979078,899.2066797327428
274.0110326278814,901.0871267009178
271.67352985785493,902.9675736690929
271.2149326806831,900.0028327648839
270.68490852499036,897.0500248818034
268.03200245237565,895.6492788770317
265.4409581943301,894.137164578161
262.84991393628457,892.6250502792902
259.8505896379927,892.6887193744313
257.68018410642696,890.6176472297321
256.08521819351574,888.0767647577057
254.02522665514942,885.8958395270159
252.17446338661264,883.5347644913944
249.89709720069345,881.5819195781379
247.61973101477426,879.6290746648814
245.164735697201,877.9048362849892
243.08899702516115,875.7388933112712
240.191972671847,876.5181557165653
237.3585491929955,877.5039099402402
235.18026917242156,875.4411214993262
233.0019891518476,873.3783330584122
230.8177913951416,871.3218116849272
228.6335936384356,869.2652903114422
226.87130913961258,866.8374613748801
224.50173514365517,864.9975920649338
221.69230656249186,863.9453986191536
219.50623914113567,861.8908647962913
217.3201717197795,859.8363309734291
214.32228031324834,859.7238715823287
213.69113563229118,856.791013523762
211.8427847766441,854.4280494710458
209.19694107350836,855.8420901700983
209.3713389082668,852.8471635607752
207.4982275910046,850.5037784039681
204.7144858488302,849.3853947878167
203.00497277283054,846.9201229888083
200.95489083853704,844.7298800655956
198.0585342091858,843.9481395232075
195.59588108583287,842.2348562442253
192.71103267878996,841.4116614505209
190.70030993093766,839.1852306675704
188.86679567169156,836.8107358873822
187.04898440901758,834.4241981832392
185.87005231664585,831.6655537477282
185.58114972497293,828.6794969343831
183.37514003088054,826.6463906337755
181.35459804960334,824.4288672174625
178.51472233054412,823.4618584789819
175.83938965048117,822.1044362709025
173.73873119582046,819.9626533554645
172.25886783335298,817.3530548368362
170.7790044708855,814.743456318208
168.05600250500865,813.4843851153641
165.33300053913183,812.2253139125202
162.442714885914,811.4214178727219
161.5468576458902,808.5583007243158
160.66009504658032,805.6923537442646
158.08374626330408,804.1553348937259
155.58179403172497,802.499969365845
153.41764807231823,800.422357210898
151.87378690648973,797.8501028104456
150.0097279815683,795.4995104756456
149.9604123128306,792.4999158422298
147.5299780289124,790.7412262188013
145.0995437449942,788.9825365953728
144.3385450414973,786.0806611719137
141.58839117080484,784.8820562797514
139.64215528258194,782.5990394450799
137.69591939435904,780.3160226104085
135.767446368661,778.0179817515126
133.838973342963,775.7199408926167
131.79021299452597,773.5284617038786
130.01575273846697,771.1095175541168
128.24129248240794,768.690573404355
126.59248822096988,766.1842923930827
124.94368395953182,763.6780113818105
123.38894184335834,766.2437036767275
121.97785806506113,763.5962818042964
121.26668605939604,760.6817948205618
120.69517694549295,757.7367350023703
120.3251459500707,754.7596429543431
118.24411414585724,752.5987851085207
115.3712511231099,751.7346913332099
114.95574525401118,748.7636048530238
114.54023938491245,745.7925183728378
112.69599753536143,743.4263459361027
110.85175568581039,741.0601734993677
109.52611450489121,738.3689515725375
107.472082095218,736.1824130158201
105.41804968554479,733.9958744591027
103.6011387459236,731.6086512526376
101.7842278063024,729.2214280461727
103.24167890918191,726.59924645774
102.42016662139692,723.7139184762069
100.75064588385179,721.221389538179
98.78756862193437,718.9528376512382
96.95781650235544,716.575442610254
95.12806438277653,714.1980475692698
92.91830494748048,712.1690174467432
91.77119511909599,709.3969894812234
91.75453972680305,706.3970357152617
91.73788433451011,703.3970819493001
89.02193792662324,704.6713013611309
88.466177528743,701.7232290451677
87.71473750766306,698.8188637281459
86.62131909604712,696.0252216291756
83.97679221682097,694.6087197459963
82.71727236706155,691.8859252719196
81.39007014037138,689.1954728472392
79.98334107862996,686.5457344928253
78.57661201688856,683.8959961384114
78.32142070372774,680.9068696115331
78.0662293905669,677.9177430846548
77.07413237794543,675.0865342407955
77.52714149391156,672.1209343451839
76.11113996806372,669.4761395178302
75.21523276315172,666.6130380037049
72.47008031941323,665.4030222762714
71.74078942967319,662.4930162972153
70.82139994265539,659.637368739977
71.10227385452367,656.650546039241
71.38314776639197,653.6637233385051
69.07951156331646,651.7419376470505
66.77587536024097,649.8201519555957
66.38111308944204,646.8462382464318
65.9863508186431,643.8723245372678
66.11203450774997,640.8749584251133
64.58514192766339,638.2925953505484
63.518093498188335,635.4887751620993
62.4510450687133,632.6849549736502
60.62491919117596,630.3047734092756
58.689909051951524,628.0122342577891
58.44730682540722,625.0220596542458
55.87893857141374,623.4717421022976
53.31057031742026,621.9214245503495
53.05397003921526,618.9324186458346
52.79736976101026,615.9434127413197
53.57554453920746,613.0460960491754
51.9508520377539,610.524117802695
50.326159536300324,608.0021395562145
53.32464265279648,608.0975282352466
54.29592699529734,605.2591119997355
55.26721133779822,602.4206957642244
56.32500577924757,599.6133712515186
55.75391114929318,596.6682310301306
55.18281651933879,593.7230908087427
54.17066192954737,590.898990405718
53.15850733975595,588.0748900026933
51.513367885982426,585.5662018639168
49.868228432208895,583.0575137251403
49.48282283489524,580.082372967872
49.09741723758158,577.1072322106036
48.424207309272504,574.1837431320494
47.6366642528481,571.2889588681917
46.99835882807576,568.3576509374709
46.36005340330341,565.4263430067501
47.50477285884427,562.6533270731309
46.3324146331871,559.8918824890891
45.160056407529936,557.1304379050473
46.81842963753139,554.6304782593701
46.2735483733611,551.6803758191222
45.728667109190816,548.7302733788744
45.80112012088724,545.7311484129724
45.27050093018749,542.7784473995846
44.67073324254388,539.8390122972463
43.36308678985913,537.1390010463844
42.05544033717438,534.4389897955224
43.004540037867194,531.5930787360996
42.5674097447804,528.6250967437577
42.25229498067764,525.6416921976988
40.98639398441671,522.9218586241753
39.72049298815578,520.2020250506519
42.32649806155606,518.7158428419668
40.82962645910179,516.1159629590172
40.309676945039435,513.1613644240507
41.16233419747584,510.28508634120345
39.85943528410383,507.5827809510719
40.74375364126318,504.71607883135476
41.62807199842253,501.8493767116376
41.51427181927961,498.851535902117
41.40047164013668,495.8536950925964
38.41991541947113,495.5126897913885
39.222730357049855,492.6221036612065
41.05131490657582,490.2438104611921
42.7781478481046,487.79063945368955
44.50498078963338,485.337468446187
45.05207758855549,482.387776073649
43.59876455354357,479.76329875001585
43.58806889124008,476.7633178162751
44.11437507951583,473.8098449797346
44.64068126779159,470.85637214319405
44.96562814464186,467.8740224777079
45.4848571698304,464.91929724185235
45.27332769947004,461.926763986704
45.17241359069231,458.9284617433253
44.72314586135681,455.96229274824464
44.273878132021316,452.996123753164
43.252816640996514,450.1752314419358
43.694190235101296,447.2078775111707
42.92436532868577,444.30833106155785
42.26288291292966,441.38216616298405
43.85075793205027,438.83684635524816
46.390557495696214,437.24015659937703
48.20345793150381,434.84988631971225
50.11108818503328,432.5345144671108
50.84171855552304,429.62484450958675
49.67473215257383,426.8611255051777
50.36887100682099,423.94253487766167
49.50778032002408,421.0687703032555
48.135500213548454,418.4010283162239
48.63937793878597,415.44364649474574
49.143255664023485,412.48626467326756
50.98969481827962,410.1218065007405
51.25051851911937,407.1331661749267
51.51134221995912,404.14452584911294
51.83428709839555,401.16195873243447
53.53298253415147,398.6892206111321
55.59389384114246,396.50916451444175
57.35105151515043,394.0776224299458
59.10820918915841,391.64608034544983
57.17781855357273,389.34965007347483
55.247427917987046,387.05321980149984
56.786001708110156,384.4777993130463
56.04405920832525,381.5709932777194
59.03705106286049,381.36605485114774
59.07461932216948,378.3662900893885
59.11218758147847,375.36652532762923
59.095315753815036,372.3665727710992
59.07844392615159,369.36662021456914
61.04676694663919,367.10261834022833
62.80872213423084,364.67455040112145
64.19562143249297,362.0143792907453
65.5825207307551,359.35420818036914
64.22681269257386,356.67800644746285
66.143174604296,354.36985631731517
68.05953651601813,352.0617061871675
71.03274327637337,352.46175813401675
69.3566993103235,349.97361090688815
68.31722749096527,347.1594505815406
67.27775567160703,344.3452902561931
68.38552619606529,341.5573081068346
71.1988621521894,340.51560719103435
74.01219810831351,339.473906275234
71.0129051219422,339.539033703433
72.4489444864655,336.9050650355215
73.12740788537538,333.9827906787337
72.54116119810384,331.0406290887351
74.39395909300741,328.681150341079
75.43084889951878,325.8660376383346
78.1516979591647,324.6023207417854
80.38691554199913,322.60137037823614
82.72070629712783,320.7163184661457
84.05487035014859,318.02931152911947
83.49496634448525,315.0820233680395
81.27338986513699,313.06593856168666
82.31902669887089,310.25406310001716
83.0284179887242,307.3391421752097
85.10460349042232,305.17362751062336
86.44986928807351,302.49216150605235
88.03933434272729,299.94783431796617
90.23545709662295,297.9040523213184
91.84981688777964,295.3754474758163
93.46417667893631,292.84684263031426
92.95660293487508,289.89009291240785
94.96225958430892,287.65909730403433
96.96791623374277,285.42810169566087
96.67035974299824,282.44289481257624
99.43613765381888,281.28079647421725
102.2019155646395,280.1186981358583
104.57034849616124,278.2773601851053
104.40681804826316,275.28182053545777
105.17635056197622,272.3821964718353
105.90117219295848,269.471074076047
107.5793358049704,266.9843559795754
108.89803635653358,264.2897263472684
110.21673690809678,261.5950967149614
113.11808182723551,260.83207793394234
116.01942674637425,260.0690591529233
114.00730594375216,257.8438917714314
114.26587937250093,254.8550559141209
114.03482276003552,251.86396700841516
113.80376614757013,248.87287810270942
113.57270953510472,245.88178919700368
116.41670314148513,246.83661921688542
118.28478403834893,244.48922198531756
120.15286493521273,242.1418247537497
123.076154774836,241.46775019292176
125.05598899729041,239.21380776872402
124.68825618310402,236.2364309740656
127.67624520272835,236.5046130364867
127.74741382318538,233.50545731737802
127.55306321896923,230.51175929609383
130.40426027750252,229.5786594443035
133.10895936117245,228.28073692473814
133.33065229642915,225.28893943118058
134.29612600071295,222.44854147907307
135.26159970499677,219.60814352696556
137.27849770239925,217.38730529150718
139.2953956998017,215.1664670560488
142.28452476005123,215.4216286933924
144.21809397753532,213.12787411166445
142.92042485061273,210.42305344532963
144.86686362387593,208.14020958252655
147.70582152749196,207.17050961784875
149.64844844406545,204.8844211105936
152.60766137491575,204.39141114123362
153.70851416671377,201.60069024318764
154.8093669585118,198.80996934514167
156.1162220286588,196.10957496179114
157.4230770988058,193.4091805784406
160.35655233982368,192.78091072373232
163.29002758084152,192.152640869024
165.523050545853,190.1492416482666
165.0388438426922,187.18857552919576
168.02676152849943,187.45755118393092
169.70066995573546,184.96796676535254
171.19900333883393,182.36892904475428
172.6973367219324,179.769891324156
175.5352070487516,178.79701311586936
176.5925389835767,175.98951437506838
177.80658373008055,173.24614138666772
179.0876737093089,170.53342900509816
181.3949579884795,168.61602470368123
183.609436474141,166.59214599275455
185.82391495980255,164.56826728182787
188.4278416718271,163.0784465951662
191.38985427703784,162.602546052434
192.78026915343625,159.94421077044078
194.17068402983466,157.28587548844754
195.10463582549397,154.4349573831024
197.0978909000367,152.19287482266674
198.73603358378142,149.67961229207157
201.00278848090966,147.7144603294119
204.00268917024613,147.73887045269078
206.00129924979268,145.50156006967842
207.99990932933923,143.26424968666606
210.96776312483297,142.82624985952748
213.55927545516064,141.31493789909058
216.3419476558319,140.1938957840871
219.2383252103464,140.97555879440839
220.81446843969758,138.4229576660355
223.58759198406622,137.27849892598923
225.34122204081592,134.84441149451433
227.09485209756565,132.41032406303944
228.17467585176183,129.61139915160047
229.66439358396914,127.00741353751825
232.50518404481653,126.04309535478059
232.91273477701944,123.0709072044979
235.53939523133172,121.62154360010042
238.2246898843318,120.28393654772327
240.9099845373319,118.94632949534612
243.90906537979282,118.87207250655857
246.72375362113112,117.83403103143732
248.34449306337075,115.30951055016395
251.23055324114583,114.49057425822124
253.2212024004036,112.24617769683859
255.64390673812903,110.47685474950356
257.01196806139933,107.80694684551662
258.3800293846696,105.13703894152968
261.15632674993867,104.00030109153953
263.9326241152077,102.86356324154937
266.93101235022715,102.96188918978868
269.9294005852466,103.06021513802798
272.4056530509471,101.36664679688784
274.8819055166476,99.67307845574769
277.4951758149123,98.19970873018401
280.42031597301946,97.53370943932201
283.34545613112664,96.86771014846002
285.27801952101754,94.57310806006792
287.21058291090844,92.27850597167583
289.72915006192045,90.64853066332192
292.3206395901279,92.15988172286802
294.9121291183354,93.67123278241411
297.7701758933154,92.75932893220508
300.1347430488616,90.91302934467538
302.4993102044077,89.06672975714567
302.8556118737014,86.0879633815367
305.84148540605247,85.7971726512766
306.7529404155104,82.93898270557074
309.0208210696497,80.9751300281581
311.9554505831327,80.35227401061123
314.88082290657167,81.01725278415014
317.03578340283116,78.93011472940603
319.8350209706374,77.85110173644343
322.3494854834078,76.21480463199748
324.86394999617823,74.57850752755154
327.7598079735575,73.79492181121343
330.44220233266054,72.4515080617482
332.3107205358265,74.79855721428797
335.2557820742038,74.22705696479507
338.25110915891605,74.0596781860046
340.5649620386527,72.15020578480728
343.3987675671862,71.16555040019142
346.2325730957197,70.18089501557556
347.9093918720854,67.69326988480776
349.5862106484511,65.20564475403997
352.5841871632673,65.31581197516458
354.2398043154908,62.814026243879134
357.22213081618236,63.13918565597226
360.017784733828,62.050921362359524
363.0155003149484,62.167973892055876
365.56248187870983,60.58276573100595
368.40818652661267,61.53248414027477
371.2538911745155,62.48220254954358
373.6654825020416,60.69776222580031
376.64990862645686,60.392474315938635
379.6157118158,59.94079805789326
382.58151500514316,59.48912179984789
385.57381636931825,59.27433691687008
388.347996353305,58.1324413802963
390.32969352584576,55.88013671255173
392.3113906983865,53.62783204480717
395.27266107922276,54.108329424177526
398.14358666607694,54.97883862846309
401.11434571751676,54.5609981585603
403.6437344926393,52.94786691024717
406.6181973647913,53.338469806024165
409.5926602369433,53.729072701801165
411.60973092530793,51.508391311295036
413.62680161367257,49.287709920788906
416.46715760754716,50.25330705627593
418.94675135511676,51.941979566567326
421.04333202060894,49.79620476172775
424.04205151280365,49.70856112458626
427.038104431385,49.862401655852054
430.0376034561389,49.91722501310435
433.0106965947107,49.516329528747605
434.7612324226827,47.08001585539063
437.4490083970406,48.412629944939624
440.43511138947,48.701054837422944
441.8282429626222,46.044142264550715
444.75620437027175,45.39065776181565
447.67906766299427,44.714736041455076
450.27008332890654,43.202572750339634
453.2220511125146,43.737256025316725
456.04866038036835,44.74238290630396
459.046181344828,44.86431759220037
461.6384695646421,43.354336868676626
464.23075778445616,41.84435614515287
466.6200620131543,43.65852959406148
469.5353779916874,44.36629561847185
472.496813631174,43.88681782630772
475.4582492706606,43.407340034143594
478.4572434210787,43.32966065620013
481.4562375714969,43.251981278256665
483.92559415499176,44.95558864603557
486.3949507384866,46.65919601381448
487.95112705186864,44.09437335295295
490.7653390547683,43.05504145084677
493.7086625697969,42.47465650455732
496.6519860848255,41.89427155826788
499.36029344608363,43.184647951788406
502.35991103801734,43.13674907746278
505.3149796932289,42.61947812043351
508.27004834844047,42.102207163404245
510.9260355848686,43.497102069815064
513.7050857053134,44.6270934096296
516.4841358257582,45.757084749444154
518.4772851738821,43.514908200625264
521.4654676485192,43.780926053921334
524.343140662981,42.932988543347456
527.2208136774428,42.08505103277357
529.8800336687588,43.47377312080471
532.5392536600747,44.86249520883583
535.5200056041627,44.52320499704808
538.5007575482508,44.18391478526034
540.3178189548524,41.79680610641075
543.0028974172562,43.13484708139435
545.68797587966,44.47288805637794
548.600372830458,43.75320479202983
549.9997940460897,46.40680993621382
552.9950052663655,46.237370430980256
555.8603375646624,47.126117200502904
558.8229912542332,47.59801031941026
561.8084973321055,47.89254972082861
564.7940034099778,48.187089122246974
567.7929203609227,48.26769384503249
570.2923527676973,49.926861601458945
572.9243702024936,51.36647412673367
573.8418454919587,48.51021099228316
576.6694298032936,47.507830344878016
579.271444290785,49.00098827587027
581.968577226908,50.31456123725485
584.6541660385172,48.9775448817231
587.1285990609018,50.673770461571735
590.1275107128128,50.75457209542349
593.1264223647237,50.83537372927525
595.9648542664696,49.86413516993426
597.90037302007,52.15624493049576
600.8674802309706,52.599274048073475
603.8178995973108,53.142436604519276
606.7967462040731,53.49806688076259
609.65598215108,54.40623525685986
611.1211105656457,57.024134935768956
613.9426170819339,58.04349796165496
616.7641235982221,59.062860987540965
619.7629292048699,59.147506917967995
622.2303382276203,60.853933803143505
624.6977472503708,62.56036068831901
627.3467476465963,63.968478900969146
630.1607123210842,65.00848025228288
632.974676995572,66.04848160359664
635.6012662028243,64.59898888669667
638.2278554100765,63.14949616979673
640.9299223310937,64.45288956948234
643.1859070506789,66.43039631915428
646.1626062375855,66.80357449465434
648.4491393061776,68.74567812892174
651.3023285755672,69.67266841637893
654.2832738567502,70.01025578372722
657.2642191379331,70.34784315107551
660.2632635794686,70.42355601454648
662.7597186279392,72.08720026466902
665.2561736764097,73.75084451479157
668.2543501405218,73.85542888286273
671.2525266046338,73.9600132509339
673.1231791121874,76.30536166769066
676.1213100759575,76.19948096084242
677.6633041853484,78.77285504297737
679.9955951037662,80.65976231994298
682.981069261865,80.95462508687783
685.1007358442764,83.07759790333309
688.0131729038529,83.79711883701432
690.9318455335616,83.1033248614068
693.8505181632703,82.40953088579928
693.9435223605002,85.40808890913277
696.943375577124,85.37841267771066
699.6778339358032,86.61240517552008
702.2765133607132,88.11135989349827
704.8751927856233,89.61031461147648
707.665070426915,90.71330271051495
710.6575295451387,90.92587840470343
712.260241654676,93.46188193268648
713.8629537642132,95.99788546066952
716.5043446817197,97.42022649604557
719.4792100934073,97.80775169825104
721.7422767064326,99.77714995787522
724.6672698896991,99.11050546652757
727.5922630729657,98.44386097517993
729.4211817182932,100.82189726354342
731.2501003636206,103.19993355190691
733.282280237338,105.4067967014606
734.7648073785793,108.01488283414157
737.2408943069613,109.70869319043769
739.7169812353433,111.40250354673378
739.7989012653538,114.40138485626957
742.3188092391575,116.02928651286945
745.3172555206984,115.93274690072063
746.6259894926148,118.6322311830886
749.6143693293154,118.36843969042562
752.3060448029754,119.69315971537334
755.1012874839275,120.78247984948615
757.119299609016,123.00230575774916
759.3042861352901,125.05798906993537
762.1006938373581,126.14431497122604
764.3072058303425,128.17687612032242
766.5137178233268,130.2094372694188
769.1806250079183,131.58333903765936
772.0847091514865,132.33586497546847
775.0509401319101,131.88700667847985
776.2137814931366,134.65247227555767
778.8413166378766,136.1002495592433
781.7263387925909,136.92283521849555
781.455416479637,139.91057702466685
782.6384750593313,142.66745431555447
784.0864973624568,145.29485443918446
787.0861309120722,145.24796554901056
788.8091076372475,147.70384649166724
791.375805993213,149.2569271558583
794.1474175244591,150.4050427945741
796.8108858227289,151.78559943017865
799.4743541209987,153.16615606578324
802.2998233111033,154.17448332206942
804.7505817780232,155.90473848730383
807.4260473131106,157.26189882070557
810.1220281629891,158.57783470709558
809.5454485163393,161.5219060226498
811.2404306322024,163.99719098137757
813.1385987069409,166.32032635411068
816.0598836090559,167.00303750875466
817.9177789911428,169.3585045005039
819.7756743732297,171.7139714922531
820.7058743570976,174.56611594687178
822.1837251313949,177.17685474822838
823.6615759056922,179.78759354958495
826.642692441965,179.45152183527244
828.2595760688737,181.97851359169638
831.2587359556086,181.90752081882474
834.2578958423435,181.83652804595312
835.624632849902,184.50711411499677
834.8100806397006,187.39441470496934
837.4052097715859,188.89950765520197
839.8970733663335,190.570021296323
841.3684611517577,193.18440802840846
844.303738311388,193.80420476618062
844.7943805036875,196.76381119932935
846.5221794013115,199.21630196778688
848.1785050986554,201.71761865791598
849.8348307959992,204.21893534804508
852.5132479988378,205.5702610998676
855.5073928197095,205.3829197225727
857.1270864557054,207.9081113045154
855.1036567873566,210.12300010019933
853.080227119008,212.3378888958833
855.5025922831876,214.10767617444785
856.133682229858,217.04054601117969
857.3166986731057,219.79744138369662
859.9608330897609,221.21467572799543
862.8846755028391,220.54300203974728
863.6764982538124,223.43661858846986
864.4683210047856,226.33023513719243
867.3109758811917,227.2890433837385
869.4009474300119,229.4412559487798
871.7906240643249,231.25493882718456
872.7726278827512,234.08966429900653
874.4725920071359,236.56153039080945
876.1725561315205,239.03339648261235
877.9792713443214,241.4283453630342
879.7859865571223,243.82329424345608
882.1311859725631,245.6941335475696
883.2222008871665,248.48871517209108
885.3405924141823,250.61296029407387
887.4589839411981,252.73720541605664
888.9578508726431,255.33593547549347
891.3553168424249,257.1393092370133
893.7527828122068,258.9426829985332
894.96507056955,261.6868328474656
896.3261432957589,264.3603101774555
898.0280470199315,266.8308412364887
895.5284184199794,268.48971340223915
895.2142472783014,271.4732174652055
894.5399888817406,274.39646490848963
893.8657304851798,277.3197123517738
896.8411869738391,276.9367519307174
899.8166434624983,276.553791509661
901.4996994272346,279.0372009844688
900.5370557862745,281.8785593252135
901.103880361711,284.824524345488
903.876465060779,285.9702878841357
906.1722052679632,287.9014991364635
906.5129210242739,290.88208846969974
906.8536367805846,293.862677802936
908.9470241490044,296.0115680574023
911.0404115174242,298.16045831186864
911.8425836565152,301.05122289226364
912.8442453998737,303.8790619527287
914.553259560367,306.3446796439439
916.452999404499,308.66652988127987
917.2679488097616,311.5537183868787
919.044219650947,313.9713333063302
920.7159056750652,316.4624105505697
921.9702800118899,319.18757935692196
923.2246543487148,321.9127481632742
923.7025833482612,324.874434147877
925.2448823532375,327.447625508668
926.7871813582137,330.020816869459
926.9758075967616,333.0148810207643
926.0676463302448,335.8741192259509
928.5411607647496,337.57168405307715
929.109487298418,340.51735968884026
932.0139875020899,341.26827817101366
933.8156699901515,343.66701538300924
934.0509492660509,346.65777509624803
932.7158734851148,349.3443291454266
931.3807977041787,352.0308831946052
933.4758729288217,354.1781278949333
935.5709481534648,356.32537259526134
935.7342459587584,359.3209249361137
936.0811909840103,362.30079559596675
936.4281360092622,365.28066625581977
938.5714556679097,367.37975673525483
938.291428390687,370.3666589305085
940.2041646315097,372.6778145014391
942.6556874113085,374.4069865750418
944.5245715771505,376.75374433302727
943.2747068384231,379.48098435452994
942.0248420996957,382.2082243760326
944.5640671076078,383.80582769325304
946.2785574985124,386.2676405820599
946.1968314794815,389.26652718508666
946.1151054604506,392.2654137881134
948.8740125456025,393.44373110339797
946.4936499388915,395.26962098522876
946.4795802250212,398.2695879922393
946.4655105111509,401.2695549992498
946.9626287163966,404.2280805593918
947.7082080546703,407.13395589228884
948.4537873929439,410.0398312251859
950.8869166245908,411.79479052445913
950.7575697126887,414.7920007900864
950.2040516871616,417.7404949473498
950.2892163385992,420.739285867395
950.578829078535,423.7252738882797
950.8684418184707,426.71126190916436
951.1597908237763,429.697081019075
951.451139829082,432.6829001289856
953.7896765418712,434.5620611234022
952.0062864291641,436.9744291935562
953.246438968533,439.7060993198886
956.1533749831507,440.44753239638203
955.2011289229758,443.2923922243668
954.248882862801,446.1372520523515
953.0775219961972,448.89911984791837
954.3550265157251,451.61352258196246
956.1418547834654,454.0233451359286
956.4778741034041,457.00446757833646
958.1031589226017,459.52606414727563
955.7435457795776,461.3786908812046
955.93431838048,464.3726190391177
954.4738784143452,466.9931371377608
955.5321091008882,469.8002972354501
956.5903397874312,472.60745733313934
956.4336292479196,475.60336150497227
958.3900556722748,477.8776516461118
960.3464820966301,480.15194178725136
959.4606517456207,483.0181770513619
958.5748213946113,485.8844123154724
957.4910387329387,488.6818066641937
956.2648552539624,491.4197756333176
955.0386717749861,494.15774460244154
954.794076485359,497.1477568339035
952.946829530651,499.5115839613225
955.9004047733715,500.03731515270135
955.8985255093552,499.9283553177352
