975.779472513242,500.74644474496006
975.8836911420702,503.74463394469467
976.5254903673439,506.67517890330527
976.1658390739233,509.653542706997
978.0140610226371,512.0166075872515
977.17795760889,514.8977412324545
975.7186692544946,517.5189008038515
973.4778219704616,519.5135444937475
973.1906788324741,522.4997710119987
974.2108384525008,525.3209896050304
974.7932551533737,528.263911755979
974.435696432482,531.2425275017769
974.2538378817576,534.2370103398523
972.1044738951972,536.329911305803
969.9551099086368,538.4228122717536
971.6933749769739,540.8678960233251
971.9283292751737,543.8586812843823
973.3668480996274,546.4912966364025
973.8525829861362,549.4517124213942
975.3323186167773,552.0613833706541
973.5422274861195,554.4687831596257
975.0252866249167,557.0765668145384
975.0192706672537,560.0765607825746
974.9747227234726,563.0762300111238
974.9301747796914,566.075899239673
973.3259070878875,568.6109189975909
972.8704134627145,571.5761383077646
972.4879480470803,574.5516584649546
969.5188180669635,574.9809219751337
968.0139589746245,577.5761867231324
967.617939085119,580.549933223276
967.3083521166776,583.5339164519438
969.0645887285169,585.9661238779737
968.8616537605317,588.9592522412032
968.6587187925463,591.9523806044327
967.4736303962524,594.7083859551115
965.1084604236813,596.5539132512652
966.0158490407466,599.413396753162
964.6120679340088,602.0646980571194
966.323391360416,604.5287135055753
965.1907295850929,607.3066763027923
964.0580678097696,610.0846391000093
963.1241832554564,612.9355792325297
963.1341211847166,615.9355627720782
962.2840544797724,618.8126075400903
961.4339877748282,621.6896523081024
962.1992450107258,624.5904076171394
960.5336447091141,627.0855580405149
959.6403968603261,629.9494903512784
958.747149011538,632.813422662042
956.4606506123961,634.7555671136009
957.3939908005774,637.6066855069907
956.7448169012553,640.5356056575648
955.429801417651,643.2320355709653
953.1423499567824,645.1730574189027
951.2532946647893,647.5036088780627
949.3642393727963,649.8341603372227
948.9099859137075,652.7995698864934
948.9878341232671,655.7985596591116
949.0526423776071,658.7978595591164
949.306560760986,661.7870944870841
947.9582069823348,664.467009054304
945.3944346674958,666.0249151867989
945.4267190756086,669.0247414679346
944.7938334467657,671.9572243375869
942.9081119934534,674.2904741314405
941.5464796186037,676.9636664694067
941.5434732668022,679.9636649630478
941.5404669150006,682.9636634566889
939.4227546619702,685.0885857642957
937.858048468158,687.6482135745537
936.5721933985792,690.3586704991401
935.2863383290004,693.0691274237265
935.4528433719697,696.0645032049375
934.56562941703,698.9303104905309
932.1292697147533,700.6807822558337
929.8579578065946,702.6406654706852
929.3285482668005,705.5935836102846
928.7599531329905,708.5392074107397
927.9017618430349,711.4138391627811
927.0435705530793,714.2884709148224
924.2452504809829,715.36986111919
921.483874143095,714.1973421553549
922.5168543125989,717.013891812189
920.8917938872041,719.5356329991104
919.2667334618095,722.0573741860319
917.9728872135144,724.7640256016695
916.4051570297489,727.3218023845242
915.8388970821844,730.2678759870984
915.2726371346199,733.2139495896726
914.8320029371614,736.1814134064747
912.2078364758227,737.6352876731103
909.5836700144839,739.0891619397458
911.1958800629703,741.619137979071
909.1464879594229,743.8100263846994
908.380715098355,746.710645616045
906.1526091589874,748.7195119438414
905.0438391818243,751.5070967654642
903.142678247082,753.8277835388591
900.5833065283869,755.3929085835579
898.9238556115411,757.8921530002926
897.6315929529962,760.5995608419985
896.3393302944514,763.3069686837043
896.5910748072704,766.2963874734133
893.7607360466901,767.2909640166502
891.8069341992739,769.5675092810877
889.8531323518577,771.8440545455253
889.7654841318023,774.8427739037716
887.9631111516559,777.2409923342817
886.1607381715096,779.6392107647919
885.9891407427309,782.6342991311739
883.0986989022418,783.4376334119999
880.6983447397215,785.2371610984975
878.2979905772013,787.0366887849951
875.7437408351,788.6101589165754
875.4505520339435,791.5957979314056
873.7131253524987,794.0414774947589
872.1768451064431,796.6182667770984
870.6405648603876,799.1950560594379
868.5913433317738,801.3861040111418
867.2240861780789,804.0564238188933
865.856829024384,806.7267436266449
863.2718490201877,808.249201631946
863.8461655600742,811.1937152610557
862.0291899051105,813.5808892114139
859.3933078186952,815.0134134263978
857.7281156292509,817.5088362306964
856.6514263631769,820.3089684104909
855.1171049337993,822.8869245294644
852.1320754493152,822.5875936477296
850.0148264978766,824.7129775842532
847.4411724660888,826.2545044003231
844.867518434301,827.796031216393
842.1840713400392,829.1373409093043
840.9735745695967,831.8822812672626
838.5779185987602,833.6880587921518
838.5827974588904,836.6880548249364
836.4072128611784,838.7536858806186
835.2615285353623,841.5263033128618
832.5137957809425,842.7304481173967
829.5317942049231,843.0585740088137
827.6812938609697,845.4198551180907
825.8307935170164,847.7811362273677
824.4932986443404,850.4664867567335
821.6487461252298,851.4196504184523
820.4545062469108,854.1717025823897
817.9737492088525,855.8586656875358
815.4929921707942,857.5456287926819
813.9040463829946,860.0902802979836
811.9163393730289,862.3372829331697
808.9748611902165,862.9269490251565
806.2836105378103,864.2525318878714
804.4544639231858,866.630392830443
802.6253173085613,869.0082537730146
800.7891454234519,871.3806940374542
798.9529735383427,873.7531343018937
797.4106482947822,876.3263099358286
794.6667343437605,875.1134883374934
791.8515180030538,876.1500967278793
790.4518456332015,878.8035694066668
787.4830290233159,878.3721439358523
784.7343004848223,879.5740139045553
783.1867172003359,882.1440306316562
781.6391339158496,884.714047358757
779.1432437199395,886.3785389117425
776.7582693814231,888.1984008308501
774.0841200403481,889.558152757353
771.4099706992731,890.9179046838559
768.4167495277518,891.1194661344273
766.2747336678385,893.2198870579281
763.7603147692081,894.8562542545591
761.2458958705777,896.4926214511901
759.1301965461029,898.6195479587161
757.0144972216282,900.7464744662421
755.3525437486636,903.2440554266318
754.2963855067763,906.0519959117728
751.3105431007178,906.3431060733661
748.346894328382,906.8087088592598
745.7976635463026,908.3902974339843
743.2484327642233,909.9718860087088
740.7388938870427,908.3280445857245
738.9872352971576,910.7635511417578
736.5552207911373,912.5200548970931
734.0223426436152,914.1277017145891
731.1021833735302,914.8152115962179
728.5693048668751,916.4228578478927
726.0364263602199,918.0305040995676
723.8749891496443,920.1109341475959
720.8756442787277,920.0482416814914
718.7956427611026,922.2100912800244
716.3762185256694,923.9838968976156
713.9567942902362,925.7577025152069
711.2735312002052,924.416024763406
708.6181002392665,925.8119783484825
706.1111259558096,927.4597283119435
703.6041516723527,929.1074782754047
702.2754729095147,931.797201819783
699.382080552159,931.0045602447979
696.4939519665309,931.8161717731027
695.2014409764244,934.5234610706204
692.767076354569,936.2767063152622
690.3113460018161,937.9998976669606
687.6000451745351,936.7158229713195
684.764633777258,935.7358014367647
682.2893500280923,937.4307853190231
679.924102252162,939.2762129004949
678.1509161307043,941.6960911988128
676.3777300092466,944.1159694971308
674.0323166300791,942.2453984397204
671.3560768776606,943.6010314238184
668.4275884451475,944.2521500770893
665.4991000126345,944.9032687303601
662.582447475094,944.2010308965325
661.1596604930442,946.8421816312899
658.2576532085293,947.6026773384589
655.6370214672163,949.0629133729487
652.7123927427962,949.7311549642142
650.6084918121426,951.869752839925
647.6280558444508,951.5276981038236
646.3128125892094,954.224016923908
643.3814928715614,954.8622682168385
640.5758929259143,955.9246282993836
637.583709276364,955.7082097064589
634.5915256268136,955.4917911135341
632.0821879482625,957.135939651533
629.1019981859265,957.4801328828261
626.2742467084057,958.482041851435
623.4464952308849,959.483950820044
620.5176468527762,960.1334484551822
617.7967978382181,961.3971654488079
614.9809459615507,962.432046219075
612.1650940848832,963.466926989342
609.1752156490023,963.7131523711666
607.5469091026896,966.232798733503
604.5860710145151,966.7159527623751
602.4247399232338,964.6354124686387
599.5367708415357,965.4475913794433
596.6488017598376,966.2597702902481
594.1629271983088,967.9391831830006
591.2091675046852,967.414489298603
588.4762321536837,966.1771274407595
585.7432968026822,964.9397655829159
583.6581783068708,967.0966802447479
581.4236260778747,969.0983736118469
578.4608148837917,969.5692768165679
575.4660429851853,969.3922421439265
572.5395527612786,970.0522837860817
569.6641725834205,969.1966034527911
566.8598900818956,970.2624362969283
563.8742604894006,970.555721033009
560.8991447541547,970.9413197387798
557.9431571903044,971.4533134129232
554.9871696264541,971.9653070870664
552.020805460031,972.4132843545265
549.0306556820309,972.6561923723555
546.0334549685233,972.526624309356
543.0362542550157,972.3970562463564
540.717490442938,974.3005620603215
538.3987266308603,976.2040678742866
535.4275268838879,976.618763019654
532.7516691012192,975.2623762286054
529.8374326603276,974.5501782458929
527.0856779675261,975.7451033944459
524.3339232747245,976.9400285429989
521.4544303108129,976.0982920814008
518.5749373469013,975.2565556198027
515.8268236282498,976.459830729393
513.0784901934039,975.257057545909
510.3301567585581,974.0542843624249
507.4148577465858,974.7621202691107
504.4755410853274,975.3624681389732
501.56346843963746,976.0834625260696
498.65139579394753,976.804456913166
496.2317032823762,975.0310172752178
493.38057116019667,974.0977190260627
490.9648170252052,975.8765197342005
488.02806111425855,975.2637679740889
485.0392552315475,975.5226876440092
482.1998738904307,974.5542282490329
479.242366337099,975.0573674663336
476.72760526702393,976.6932087668376
473.82871401170127,975.9209202910632
471.43205092368396,974.1164796457286
469.0353878356667,972.3120390003941
466.7022164885995,974.1978575137258
463.70221691636004,974.1962554641038
462.00254470402734,976.668322285738
459.4911185361932,975.0273656734176
457.4423931851249,972.8358537670183
454.4461339315611,972.9856218725469
451.48292617807846,972.5172205385392
448.908118074554,970.9776221395972
446.1085560655427,972.0557930711756
443.5387019443117,973.6036463573729
440.69780695603623,972.6396361574314
437.6988987282471,972.5587075388913
435.17293939064535,970.9402115009652
432.6469800530436,969.3217154630391
429.6473586057305,969.2740586396096
427.04856501524387,970.7728154157563
424.2686521431629,969.6449482145139
421.4503518300078,970.6731424300539
419.0033703725817,968.9375498087821
416.00363262943677,968.8978827903414
413.00389488629185,968.8582157719007
410.30657164627564,967.5450336295959
407.4001999490973,966.801391539716
404.49382825191907,966.057749449836
402.42869980637244,968.2338111455133
399.8791852194946,966.6526801037279
397.32967063261685,965.0715490619425
394.3317154679214,965.1822957570434
391.3367032125968,965.3552165205606
389.8915734511989,962.7262243234018
387.07702498943013,961.687803909333
384.1393012047259,962.2958984453904
382.18760044672507,960.0175516431632
380.2358996887243,957.7392048409359
377.2720924784815,958.2037980183641
374.3082852682387,958.6683911957922
371.4140149441502,957.878961470547
369.10717372859483,955.961024139398
366.1596903210483,955.4021488740322
363.2015965320723,954.9024678401497
360.2435027430963,954.4027868062674
357.5241553115943,955.6697317722322
354.87250210654804,954.2666154975893
353.3215207345229,951.6986480554999
350.4164543413812,950.9499229714811
347.51138794823953,950.2011978874624
344.51467283482356,950.3415493357071
341.78254810885693,949.1023986258409
339.49486838340374,951.0431514369301
337.9365126014371,948.479652410831
334.9795434449105,947.9733586153421
332.54559342540216,946.2195378427045
330.51061748564024,944.015252714916
328.4756415458783,941.8109675871274
330.46186653792716,944.0592803502813
328.20800039869454,946.0392014159858
326.9962380305296,943.2948195250858
324.42304029449554,941.7525311566965
321.78618160932643,940.3218053707933
319.06340367335076,941.5813609715368
316.4108758065259,940.1798989079341
313.7583479397011,938.7784368443314
310.814912898165,939.3582559163337
308.915546633613,937.0361000660339
308.4522270461597,934.0720934938613
305.8631283553453,932.5566503345104
303.00569872638255,933.4704861597688
300.1482690974198,934.3843219850272
298.51600242380096,931.867239247771
296.8837357501821,929.3501565105148
293.89990090502977,929.039142657359
290.91606605987744,928.7281288042032
291.7291279517184,925.8404081875167
288.7640598148165,926.2968848501504
285.7989916779146,926.7533615127841
283.5787013369229,924.7358603847301
281.3584109959312,922.7183592566762
278.43890220104623,922.028092354247
275.51939340616127,921.3378254518176
273.83412870784946,918.8559143138789
272.14886400953765,916.3740031759403
269.41408799459845,915.1407148284266
268.19328305019394,917.8810862061266
265.2830862328267,917.1525572196165
262.95971922774703,915.2546726710448
260.396597431088,913.6956965148796
258.49099692235035,911.3786538521091
256.58539641361267,909.0616111893386
253.6604262308934,908.3948657880022
250.73545604817411,907.7281203866659
249.276135628411,905.1069786674026
247.02570958019126,903.1231483819462
244.77528353197152,901.1393180964898
241.99791832224773,900.0051917843817
239.72799468437825,898.0437008518916
237.45807104650876,896.0822099194013
234.79849813488465,894.6941638366809
232.15282843793838,893.2797975988697
230.7133139508313,890.6477265433301
227.79095491919145,889.9696279589097
224.80242442312087,889.7075488218993
221.8138939270503,889.445469684889
221.09864855463672,886.5319796716503
218.1873725107733,885.807775421161
215.27609646690985,885.0835711706717
215.19487274343993,882.0846709211226
213.44145733846224,879.6504288588808
211.01557462600059,877.885466234523
208.56700667715847,876.1521125487731
205.80055437144318,874.9916205668092
203.03410206572786,873.8311285848453
201.36445857015164,871.3386818757499
200.69154065316442,868.4151255692975
197.8303827368513,867.5130305754533
195.77768159711707,865.3252421873925
193.72498045738286,863.1374537993316
190.80072469225072,862.4675820055595
190.23864391363801,859.5207082046793
187.59844642479382,858.0961531092545
185.74529395400495,855.7369528379742
182.7452984814093,855.7317408896253
180.22749403030264,854.1005876944938
177.70968957919598,852.4694344993624
177.39889664895435,849.4855766350344
175.76595863163075,846.968929374972
174.13302061430718,844.4522821149097
173.14368014893657,841.6201088427422
170.3127532149259,842.6130099930552
167.32916076460057,842.2996793524187
166.43309207108,839.43662837549
165.36536451872266,836.6330667346595
163.291831403363,834.4650122105511
161.49980934531638,832.0590494212556
159.47702578059568,829.8435705451893
157.45424221587498,827.628091669123
154.45633984857693,827.515924846271
151.9881586355706,825.8106150504384
150.76600137977846,823.0708465123837
148.49909984824004,821.1058637016932
149.6728647131092,818.3450167225944
146.71316789665659,817.8549200436827
146.39034932817532,814.8723392531854
144.31603283992828,812.7050342200655
142.4048210978127,810.3926178049708
139.41726992348677,810.1196013571442
137.6210240010798,807.7167903811754
135.9955362507868,805.1953246222075
133.2735214346837,803.9341206970173
132.07655567797985,801.183253019851
130.03799467417244,798.9822829987568
127.99943367036501,796.7813129776625
126.47963324299509,794.1947695968228
124.95983281562519,791.608226215983
122.06982993313824,790.803314208856
119.17982705065128,789.998402201729
118.88377603391827,787.0130456408655
116.6710798561732,784.9872184949835
115.31774365066977,782.3098165612288
114.18147486363532,779.5333271872871
112.64687526090208,776.9555366489984
110.34438510136944,775.0323780322287
108.04189494183679,773.109219415459
106.41895204690768,770.58611490716
104.41515462499524,768.353449260016
103.07514662833913,765.6693519128809
101.73513863168303,762.9852545657458
100.67999964896777,760.1769309150327
99.29459978286707,757.5159786022303
97.90919991676637,754.855026289428
96.04613229769393,752.5036481729262
94.1830646786215,750.1522700564243
95.30192839900477,747.368721246863
92.73572858027578,745.8148169736353
90.0938820498565,744.3933223694557
90.16900675484054,741.3942631371796
89.80282289602745,738.416695441636
90.56033075438012,735.5139068092113
87.75598865018473,734.4482307971716
85.6463851567066,732.3152579655807
84.0282046032486,729.7890965106435
82.72567776018457,727.0866117608073
80.15421661403578,725.5414297087995
78.3428567552765,723.1499917601845
78.2952078656756,720.1503701868323
78.24755897607467,717.1507486134801
75.67963057547973,715.5997026021001
73.11170217488481,714.04865659072
73.34050496542326,711.0573944352008
72.53745853858334,708.1668726075129
71.7344121117434,705.2763507798251
69.87778557072564,702.919883532612
68.61601379460583,700.1981318935038
66.52415327665037,698.0477552815079
64.43229275869489,695.897378669512
64.39134611471336,692.8976581204697
62.18393013338457,690.8660787630795
61.6635050691685,687.9115639547673
61.14308000495243,684.9570491464551
60.31693273286377,682.0730448668431
59.753884832407856,679.1263556973188
59.19083693195195,676.1796665277944
56.9233097969716,674.2154056764491
54.81735624763903,672.0788290576372
54.8551986818643,669.0790677421036
53.084325287758084,666.657496470791
51.31345189365188,664.2359251994783
53.11282500849129,661.8354551635076
53.66319897760163,658.8863725105246
50.903197416275454,657.7106210990956
49.20753856213575,655.2357996812196
47.818461692668784,652.5767649972203
47.72335670303839,649.5782728693421
45.701298158231566,647.3621322507499
46.962781592544914,644.6402469583555
46.20572272209963,641.7373411957308
45.448663851654345,638.834435433106
42.53466254941941,638.1212759764815
41.73025428916042,635.2311328397446
40.92915281501717,632.3400713689133
42.484926401738115,629.7750044015884
41.17414431256732,627.0765140245982
39.69027593835104,624.4691907519676
37.457548168868335,622.4654625499949
38.35211395521578,619.6019416309344
35.842990099838815,617.957466797324
33.66989146335692,615.889220604019
34.890804101521,613.1488972052263
34.70078378859901,610.1549212065454
35.7703950052743,607.3520776780618
36.84000622194958,604.5492341495782
36.26264633649559,601.6053157467231
35.295730135898125,598.7654085191853
35.74583198717339,595.7993659835026
34.88562475522111,592.9253368399313
34.37192437792768,589.9696453942001
33.575402567347844,587.077318821133
31.587187463637576,584.8307657500086
30.892178797596912,581.9123821298982
32.54703016824163,579.4100897926452
31.602359975004752,576.5627053391494
30.65768978176788,573.7153208856536
28.75747251139315,571.3938613608352
28.15981055985762,568.453997385804
27.562148608322094,565.5141334107727
28.36096914941652,562.622440871251
29.159789690510944,559.7307483317293
28.745550717453135,556.759484951751
31.13565270262824,554.9463626446625
28.274188220860204,554.0452405554981
28.3157570890485,551.0455285644567
27.130129962847906,548.2897549312246
26.90970671592355,545.2978636243394
26.427549563280007,542.336863036674
27.236084119219612,539.4478715393083
25.63279751308378,536.912231174709
24.02951090694795,534.3765908101096
24.29474620198386,531.3883387728365
24.559981497019763,528.4000867355634
24.36313209341699,525.4065519834181
24.166282689814217,522.4130172312729
26.002642115646555,520.0407221275481
25.233855863478382,517.1409001160313
24.465069611310206,514.2410781045145
21.524004135958684,513.6493569964786
23.79395072457449,511.6878926239162
22.10646561175191,509.20749064157496
22.43013579647862,506.2250021484674
23.34952197985147,503.3693535276068
24.26890816322432,500.51370490674617
23.421751182536305,497.6358020157383
22.574594201848292,494.75789912473044
22.724013568472596,491.76162245978816
23.470745083348973,488.8560429918179
24.190257230406512,485.94360376150996
24.909769377464052,483.031164531202
24.534592389695565,480.05471660996284
25.29785389525693,477.1534355353118
26.0611154008183,474.2521544606608
24.52531792317994,471.67507741336874
26.802604246834196,469.72213937029176
25.84094769195673,466.8804467988722
25.635211704683694,463.88750966228866
25.42947571741066,460.89457252570514
27.25489054611778,458.51384559824453
26.51084793834115,455.60757640943683
25.715753264411344,452.71485719397737
24.920658590481537,449.8221379785179
27.01690930030354,447.6760408321681
26.6333735930316,444.7006584430881
27.886827421263575,441.97506612205206
26.339977518412685,439.40460791814166
26.67764516276885,436.42367172929846
27.015312807125017,433.44273554045526
29.693780293912276,432.0915094593631
32.37224778069954,430.74028337827104
33.48517956325596,427.95435752725206
33.06985077885979,424.9832462871851
31.86836631779559,422.2343492193011
30.666881856731393,419.4854521514171
30.420548209788926,416.4955826334642
31.842734711871493,413.85410850841697
33.26492121395406,411.21263438336973
31.889767622123696,408.54637246846414
31.82550827264617,405.5470607580871
33.45839917739273,403.0303829294416
34.36861212706012,400.1717971976054
36.30231448055845,397.87815485232244
37.54351299018914,395.1469598282184
38.78471149981983,392.4157648041144
37.62005237483416,389.6510642556666
39.90711725259551,387.70958691999914
39.352257357917715,384.7613449866975
38.79739746323992,381.8131030533959
39.83025325793649,378.9965077847494
40.86310905263307,376.1799125161029
42.52834952645917,373.68452193258065
45.5018907152739,373.2869633854177
43.74340225190301,370.8563835524989
43.41636658331344,367.87426221501613
43.416334769024566,364.87426221518484
42.97019377891869,361.90762131730935
45.252002186254614,359.9599687835624
45.643503773463785,356.9856240646011
47.89543825932721,355.0035062398038
50.14737274519064,353.0213884150066
47.15197565228481,352.8552672068141
45.020068666721016,350.74458660451916
47.6599495029325,349.31944479732823
50.351539551715376,347.99455121318914
52.20104545304873,345.6324911121474
52.994875893156916,342.739424705658
51.386395713141695,340.2070756952532
49.77791553312647,337.6747266848484
49.11319857760555,334.74929485876817
52.07418974842913,334.267079879423
55.0351809192527,333.7848649000779
56.60666692552429,331.22939395872623
59.09147235261787,329.5483996132609
57.426681979139666,327.052708724474
55.76189160566146,324.557017835687
58.08955147412808,322.66440072260525
57.28533406603482,319.77420447312323
58.96266150850709,317.2869222915585
60.946730794069865,315.036706952955
62.92482595548322,312.7812381474972
64.90292111689658,310.52576934203944
65.38290326984576,307.56441540627793
66.67299258121706,304.85597128304306
66.01347830252962,301.9293621673244
66.72486346952857,299.01492720593416
67.43624863652751,296.1004922445439
70.18718204102807,294.9036775537906
72.26686668237454,292.7415231206967
74.34655132372102,290.57936868760277
74.50182371630721,287.58338963492224
76.03673447359243,285.00578435731086
78.63320305298154,283.5030032966619
81.45969327406843,282.49754169615187
79.41335530885154,280.3038003868558
80.54345293382033,277.5247934854538
81.67355055878913,274.7457865840518
78.73596496775758,274.13702481179286
80.79848623479478,271.95849181387445
83.22359850079742,270.1924707219043
85.97945752784224,269.0070420977115
87.68193421982336,266.5369058437245
89.01697468556037,263.8503342450425
90.35201515129738,261.1637626463605
90.07076995761373,258.1769748833901
89.62708881059417,255.20996510251987
91.57365936673612,252.92723360933869
93.52022992287806,250.6445021161575
95.79025036235588,248.6831232123368
98.6580205240668,247.80227458765688
98.4496044366393,244.8095228882168
99.67189563415472,242.0698141028755
101.25706850803306,239.52281057717707
102.84224138191139,236.97580705147863
104.77965862109008,234.68530177068723
104.81179415759922,231.68547389107593
106.65983750118365,229.3222693294196
109.62982704441369,228.8989938717042
111.53743796574275,226.58360609147687
110.5073639514677,223.76599229162508
112.55132244934357,221.57003380864754
114.04316840384539,218.96726688707415
116.5198256237735,217.27429050951363
119.18244756766126,215.892102250293
121.845069511549,214.50991399107235
123.32084056573181,211.89799902391968
124.79661161991463,209.286084056767
125.34737471752477,206.3370740516448
124.60284187235379,203.43093041402784
127.59465049607807,203.65247309390912
127.546695487755,200.6528563988668
129.58189274864463,198.44877561330847
130.99095580642714,195.80027768066955
133.66211753836163,197.16588926594872
135.82660710537286,195.08863508932527
137.04378297214967,192.34664987613826
137.61874333946233,189.4022618962654
139.81057856828343,187.35388245639135
142.00241379710454,185.3055030165173
144.3143911209537,183.3937601326526
146.83336820478092,181.76441840939336
149.36923610589474,180.1614917148435
151.90510400700856,178.55856502029363
154.50717443937305,177.06550458447242
155.58330763322218,174.26515865064638
157.26010643351782,171.7775200548437
158.61171002444632,169.09924304658088
159.06006970162295,166.132936656492
162.05457354765,165.95142435352278
163.4920374411375,163.31823283847498
164.7005004193301,160.57239649405497
166.15355123781032,157.9477739842616
167.71685224645688,155.38728771084308
170.6637979088719,154.8255838184111
172.78321082075536,152.70235775674416
175.08946857738985,150.78371887462924
177.85628250391972,149.62408932345335
179.86575395885419,147.3965291173526
181.87522541378866,145.16896891125185
184.6065609329271,143.92807960035714
186.21128263773102,141.39334721800765
187.81600434253494,138.85861483565813
188.34872779264458,135.90629274521757
190.37288658542744,133.6920702673261
193.353535229254,133.3518737622663
196.33418387308055,133.01167725720651
197.80800348226228,130.39866065573008
199.74381711859797,128.10679993453064
202.32402500809005,126.57626824684728
204.90423289758212,125.04573655916391
207.90312138865758,125.12739326798247
210.90200987973304,125.20904997680103
212.80170098400313,122.88715986132244
215.51940626402467,121.61669616213895
216.65053249707316,118.83810777144315
217.78165873012165,116.05951938074735
218.6928449560114,113.20124373593127
221.6067753900931,112.48779477116055
223.58341184494407,110.23104748239422
226.58065629271843,110.35959988527263
227.65400778644153,107.55818656858364
228.72735928016462,104.75677325189466
230.20841857512818,102.14785329053093
233.16834002480408,101.65911510729941
236.12826147447998,101.1703769240679
239.04023127278623,100.44896726669398
241.95220107109247,99.72755760932006
243.63604883536786,97.24468493704208
245.90307395158857,95.2798447088239
246.9475738616764,92.46754672713233
249.9290006607802,92.1342386990475
252.67213030901232,90.91964422639832
255.63149217508516,90.42752905122697
258.44803389636917,89.39452724471043
261.2645756176532,88.36152543819391
264.214240887234,88.90876834351927
264.17554500821905,85.90901791574244
266.8879931770983,84.62736861459027
269.6834145753311,83.53850718800649
272.4788359735639,82.44964576142273
275.2831836871671,81.38398451073911
278.0875314007703,80.31832326005551
279.2003278995855,77.5323433692048
281.8825838246551,76.18865324405353
284.424516069288,77.78194557871639
287.40042620040174,77.40252642852116
289.57848928943577,75.339508934609
291.4555746251814,72.99930581472202
293.9862397194066,71.38817758243572
296.51690481363187,69.7770493501494
298.35038622909127,67.40252920932832
300.05719185058547,64.93538215849493
303.0333209311153,65.3130800483811
305.79801528382734,66.47775388086906
308.6568885533913,65.5684444568705
311.5418516969735,64.74565185835463
313.9599414287808,62.97002744735776
316.37803116058814,61.194403036360896
317.76648598702263,58.535043490351605
320.7413253938909,58.922768268181784
323.2256647031843,57.241085124334624
326.17048314508077,57.81383667978125
329.0635006668848,57.01982810392413
332.0634634204729,57.00487895397189
333.7475251051438,54.52215137281776
336.1353945496847,52.706089833159
339.135079960901,52.74953443853216
341.7592090327639,51.29559268790939
344.38333810462683,49.841650937286616
346.5851189123972,47.80396566361604
349.50045255074247,47.09627238462261
352.474617126125,46.703404622469094
355.4487817015075,46.31053686031558
358.4467582456284,46.20037043666046
360.37728221808686,43.90405225492622
362.3078061905453,41.607734073191985
365.30618560876104,41.50913962902614
368.2358080696306,40.863142541750555
371.1856243757221,40.3167143577075
373.98020210805754,39.2256894735114
376.9756639581653,39.390638873477315
379.87246587850325,38.610550010381466
382.8610502621868,38.34908609011129
385.8496346458703,38.08762216984111
388.8050418474763,37.57228900314643
391.7992803263848,37.3864505479669
394.79351880529333,37.200612092787374
396.9667499628274,35.132505147795634
399.1399811203615,33.06439820280389
402.1072343491163,33.50644828644147
405.07448757787114,33.94849837007904
407.23738393905745,31.869585353436214
410.1922784978123,31.35132080068273
412.8567161900501,32.730005603015165
415.7394330415155,31.899377193750414
418.6339598529351,32.68786596220127
421.313260887314,31.338293449449154
423.9925619216929,29.988720936697035
426.44633758568847,31.714694572296153
428.4460315926634,29.478352943995933
431.31068777604077,30.369276594505827
433.79253445980413,28.683916977601235
435.1044496978187,25.985977317737586
438.101002300481,25.84219797472262
440.04856507079154,28.12408299717674
442.7389371243299,29.451448136669264
445.60890945614585,28.577801288903654
448.59541109746044,28.293533903463107
451.58191273877503,28.009266518022557
454.5729611781819,28.240846381399322
457.5640096175888,28.472426244776088
458.31023649457904,25.56671713200218
461.30500168962874,25.743865167607552
464.1177912000112,24.700689645328403
467.0338563432705,23.9960166145771
468.4008510383475,26.6664707901119
470.9540512609943,25.091298220811407
473.86066327847624,25.834000435584866
476.79984463294664,26.435010390189227
479.6151145816446,25.398547599753382
482.43038453034256,24.36208480931754
485.200892433764,25.512861050417087
487.80275204097876,24.019433253587124
490.78788685343153,24.31771190096675
493.7730216658843,24.615990548346375
496.66084970507245,23.80331028152624
499.23868002236736,25.337843062288947
502.23671747376164,25.44633932967719
505.2196399106971,25.765985595457426
508.17046798113137,25.225047799831117
511.10110907381,24.58368769356994
514.0317501664887,23.942327587308764
516.4049285488314,25.777545385168477
518.7781069311742,27.61276318302819
521.2607327500502,25.928551485096417
523.85868849712,24.42834285418303
526.4566442441899,22.928134223269634
529.2157713393372,24.105936274899776
531.2926791201344,26.270758223713052
534.2794697394114,25.98954336528838
537.269140337396,25.740807128390177
539.3084159648399,23.54049921463961
542.2295268578922,24.223954517122007
545.197457640415,24.661432368165276
547.6983107305764,26.318457962847003
550.5247363398269,27.324101177597115
552.9766839383005,29.052670810079228
555.8797274324986,28.296140261591876
558.8780982593739,28.394995633438803
561.86952157771,28.16830966008463
564.8694559414048,28.1881543954795
567.8693903050996,28.207999130874367
570.3230542271317,29.934131616438044
572.7767181491638,31.660264102001733
575.6687417067106,30.86264279925601
578.480746062279,29.81735264610959
581.2927504178473,28.772062492963165
582.7796842856956,31.37763875794677
585.7637080781019,31.068443016784144
588.7477318705082,30.759247275621515
590.8679430011683,32.88167625238967
592.9881541318284,35.00410522915783
595.9872001175324,35.07975690219074
598.9642750440084,34.70958818100028
601.9413499704845,34.339419459809825
602.5335141374045,37.28039576019306
605.3028495093413,38.43399083548595
608.2637605659726,37.95128418055069
611.0398841962812,36.8141221036055
613.7548830010435,38.090359342577585
616.4698818058058,39.36659658154968
619.0003751343559,40.97799458147517
621.6928633230227,42.30106198485629
624.2770308739027,43.82489861290366
627.2321988047797,44.341602106520526
630.1873667356567,44.85830560013738
632.9790430901228,43.75987802768897
634.7159573616859,46.20592152959985
637.7153602721065,46.14607020580332
640.5857267035057,47.01842136760533
643.5827154195641,46.884038943834874
646.5797041356226,46.74965652006441
648.5622656210902,49.00120042510837
651.002861115661,50.745761582500435
653.9998106558796,50.881014875928734
656.9967601960983,51.01626816935703
659.2057644361558,53.04612044659497
662.0917088086557,53.865464744699565
664.5894094259677,55.52723838339983
667.5827191820927,55.326996769625424
670.5615734430701,55.682562926418186
673.557393295088,55.52424863693286
676.5532131471059,55.36593434744753
678.3381274627253,57.77717487586793
681.0035183181186,59.15401603881523
683.9781360113823,58.76459392988616
685.0483510803308,61.56720694387783
687.5971928929853,63.149422293969025
690.4520551252377,64.07124745898588
693.2322129166729,65.19851080653278
695.9109475129825,66.54920727966585
698.8010696883393,67.35369084787014
701.5752146389648,68.49567149259192
704.3493595895902,69.63765213731371
707.1235045402157,70.77963278203549
709.9286300583825,71.84324494223723
712.7337555765494,72.90685710243898
715.2189845899137,74.58722514281952
716.6585187230888,77.21928545356921
719.5967599160576,77.82487499438136
722.4827616294244,78.644017296087
725.3687633427912,79.46315959779264
727.8944658339948,81.0820564215365
730.4201683251983,82.70095324528036
733.4139504342129,82.89400423270234
735.8041910524975,84.70694377573811
737.8184708233392,86.93015699195865
740.0162040114491,88.97220714655342
742.7435232223285,90.22189907737811
745.5431630539462,91.29986791422809
747.484793625706,93.58680270184402
749.4264241974656,95.87373748945997
750.8761280403642,98.5002101749995
753.764420490848,99.31123836222736
755.0469202710304,102.02328451114003
756.9953800181527,104.30440366932632
759.9810475246189,104.59730218559366
762.9667150310852,104.89020070186099
765.844004496785,105.73943879013348
768.7212939624849,106.58867687840596
771.0953200433596,108.42279796691847
772.084942506179,111.25487271541704
774.6887186797753,112.74495648414019
777.0319150098476,114.61830401162565
779.658304669327,116.0681582651904
782.2846943288064,117.51801251875516
784.92489537805,118.94256101549816
787.5233590399695,120.44188973118537
789.123091317944,122.97977401515226
792.0272868615335,123.73186991634773
792.9154628339772,126.59737919777987
795.5025901948819,128.11618531393106
795.6187041073416,131.11393739829916
795.7348180198013,134.11168948266726
797.470093137915,131.66448285786922
799.2053682560287,129.21727623307117
801.1976993973892,131.46017984739902
802.3208304599169,134.24200957194822
804.339893268676,136.46087986430106
807.2894743082236,137.00857657886243
810.1724786893093,137.8382064593759
812.197279877417,140.05184151254912
814.7488958270359,141.62957914778843
817.5036731672345,142.81751930029114
820.3539319518147,143.75348129787605
823.2041907363949,144.68944329546096
821.417577520023,147.09942529022462
819.630964303651,149.50940728498824
822.2361607043936,150.99700659715458
824.195888804283,153.26845234260045
826.1556169041722,155.53989808804633
828.9008419022139,156.7497491987734
831.6460669002555,157.9596003095005
834.6323876179678,158.24576210108393
835.1394701911299,161.2025960943942
837.1238508147193,163.45253688044238
839.5582044685657,165.20579735396157
840.7223787534003,167.97070209635862
842.6234495727931,170.29146269143368
845.2776869470632,171.68968440526433
847.9319243213333,173.08790611909495
847.8443185920507,176.08662671898367
850.5924803512431,177.2897921046694
853.3406421104356,178.49295749035514
854.6746943896269,181.18001992289825
856.5005443935369,183.56041311798634
858.326394397447,185.94080631307443
860.5319220336845,187.97443554324212
863.2224893703537,189.30140479942284
865.7787427705279,190.87161770030553
868.334996170702,192.44183060118826
866.4740372361823,194.79487795388462
869.2923069471202,195.82315604681952
870.8659690657441,198.3772875110179
869.5156835480976,201.0562292835904
870.1603632933773,203.98614191471546
873.0322294542241,204.85354306423207
874.3131498528425,207.56633552448466
875.5940702514608,210.27912798473724
876.8749906500792,212.99192044498983
879.7287301498363,213.91721546147144
881.980275328225,215.89977550083339
883.2463185924285,218.61954285359818
884.5123618566319,221.33931020636294
886.5860584132922,223.5072084029799
888.6597549699526,225.67510659959686
890.6524379392863,227.91769764205807
892.7587711855901,230.053899939481
893.6357308819214,232.92286171876816
894.5460735528611,235.78140614232822
897.521348240193,235.3970358327022
899.028182428247,237.99115432068837
900.5350166163009,240.58527280867457
901.9652897199187,243.22237706316804
904.5233196997301,244.7896940771719
905.1887454355033,247.71496476382137
907.7926174071705,249.2048811222677
906.6885431086288,251.99432908616657
909.4853373916029,253.07965933025056
912.2989991519448,254.1204799192042
912.1219070810649,257.1152484241861
911.3112429509594,260.0036430766116
911.3260263280968,263.00360665168387
911.3408097052342,266.00357022675615
913.4629002669368,268.12412007241716
916.4120006981881,267.5738413735805
918.459266759405,269.76671658083455
919.1088724184613,272.69554100160855
919.1934529257746,275.69434845421074
920.814207538866,278.2188591957492
922.4349621519573,280.74336993728764
920.3455061508554,282.8960830206918
923.3416772297527,283.0476048540341
924.3054234627682,285.88858940139585
925.2691696957837,288.72957394875766
927.1738142907988,291.04740245118836
927.4778213216586,294.0319593236885
928.7690116846926,296.73987871805906
930.9087075021832,298.8426630171761
933.3636204421027,300.56701868159575
933.9691659569726,303.50526894823764
933.5361685831347,306.4738567057832
936.0666444942475,308.08528205722763
938.4912157045983,309.85204589145627
938.9767495885802,312.8124946492471
939.3819276358449,315.7850071807623
941.5847914722566,317.82152158489254
942.7576223978992,320.5827654386396
942.1037301336332,323.51063580918765
943.8420513220667,325.95567966275
945.5803725105002,328.40072351631244
944.9077498057962,331.32434775638103
946.1891732603032,334.0369026277596
947.2262738038744,336.85193770081366
948.2633743474456,339.6669727738677
949.2318386689388,342.5063524346378
950.2003029904321,345.34573209540787
952.0028264759717,347.74383740670635
953.1230561657588,350.5268367674895
952.984066970653,353.52361537186516
952.8450777755471,356.5203939762408
952.9557871685337,359.51835051867175
953.0664965615202,362.5163070611027
954.6758193601124,365.0481206659977
957.0007133171488,366.94413440237616
957.6673470820866,369.8691300303122
957.2907590413566,372.84539975054577
958.848336414143,375.40937181119386
958.9434201264554,378.40786461386205
960.7697901302909,380.78785885946223
962.7193906184987,383.06800313919103
964.6689911067065,385.3481474189198
964.0277955979352,388.2788245283147
965.0128210306368,391.1125014500775
965.9978464633383,393.94617837184035
965.5856116552428,396.9177204736781
966.5258891155962,399.76655853463404
966.1631629466949,402.74454942219467
967.0715132974022,405.60372756291446
966.2496422447863,408.4889533725994
965.9381116135478,411.4727343072191
967.6715479972697,413.9212437116505
969.615861944571,416.2058975747838
969.8456745938346,419.19708231435413
970.0754872430982,422.18826705392445
971.5759184839378,424.7860942405388
971.8918184110292,427.76941575121504
971.060651264912,430.6519773160763
970.2294841187949,433.53453888093753
970.1922971195282,436.5343083932644
971.4959736837634,439.2362387061822
972.7996502479984,441.9381690191
974.1335469394822,444.62530869102784
971.9830169435052,446.71701152279024
972.0847690618984,449.71528544396597
973.2205945216979,452.49195620674493
973.9056199733449,455.41269928524326
974.5906454249919,458.3334423637416
973.4827608096361,461.1213791777777
973.8638457727649,464.09707644915414
974.8924166578466,466.9152393142778
974.1863974510743,469.83097882247614
973.480378244302,472.74671833067447
973.6805436804785,475.740033181832
974.8565554964421,478.49992379718515
976.0325673124056,481.2598144125383
976.6846386763527,484.18809085719306
975.7489004080329,487.03842309979245
975.9137038242685,490.0338929851355
976.8393151842378,492.88752989446647
975.0189072249578,495.27208747644903
973.1984992656779,497.6566450584316
975.957366421264,498.8350558602441
975.779472513242,500.74644474496006
