944.3974125138342,504.37891704481984
942.5521275797233,506.7442761109964
942.5102849657546,509.74398429607976
942.4684423517859,512.7436924811632
943.7669572439619,515.448107219105
941.3485498183803,517.2232989056256
939.8558771524306,519.8255918008099
937.0043374508034,520.7576440150362
938.6809822154406,523.2453864320108
939.6345526548271,526.0898026141348
939.7183052027088,529.0886333047079
939.8020577505907,532.0874639952809
940.4403179817599,535.0187817667462
940.2224500785125,538.0108602377651
939.2474477263439,540.8480014773346
937.6703451444521,543.400009989505
938.4221201331901,546.3042886204747
937.2002923561472,549.0442041088149
937.2178978370084,552.0441524495441
934.531362691236,553.3792662688606
931.8448275454638,554.7143800881772
930.4379971185685,557.3640646259971
931.2541177482893,560.2509222805662
931.2239096054521,563.2507701880619
931.193701462615,566.2506180955576
931.4423875715297,569.2402928636942
930.1953614645048,571.9688320128358
928.9483353574799,574.6973711619775
931.127943924444,576.758755768211
931.2870782056694,579.7545321751778
931.4462124868949,582.7503085821446
929.4075132962001,584.9511506050669
929.5229038971609,587.9489306185452
928.1629255704802,590.6229648275557
927.6709562133963,593.5823509381689
928.3069850098424,596.5141536890529
928.1846260935994,599.5116573663844
928.7183599394608,602.4637969602692
927.2629364649717,605.0871045117976
925.1295390706224,607.1962786529683
925.9425662062233,610.084009055339
925.0382883493314,612.9444778206877
925.013259155388,615.9443734087791
922.9648847060051,618.1362133014528
922.3887438962239,621.0803705267559
921.8126030864427,624.024527752059
922.1259641516249,627.0081170071054
920.6580759931726,629.6244702619766
917.9547947581293,630.9253432627968
916.3264251369251,633.4449488622388
914.6980555157209,635.9645544616808
916.3081984378429,638.4958465764595
915.4072814501866,641.3573756399765
916.4310080338557,644.1773018592044
915.1473006411348,646.8887766110458
913.863593248414,649.6002513628873
916.8611475960234,649.7213626056657
913.9515665403832,650.452346928794
912.7585548401133,653.2049317291261
911.5655431398435,655.9575165294582
909.3268937805944,657.9546267032678
907.6862022696955,660.4662260674309
907.16873601763,663.4212605305079
905.2966743850809,665.7654843346567
905.2727216772364,668.7653887110972
905.2487689693919,671.7652930875378
905.2604986829065,674.7652701564202
905.272228396421,677.7652472253027
902.5956937407458,679.1202978653046
900.0595004546533,680.7227096774113
897.724050064567,682.6057050240455
897.2590280554006,685.569444980754
897.1374177461636,688.5669791227926
895.6914045175453,691.1954854938447
895.5971548761854,694.1940046292019
893.1225946581529,695.8900446426837
893.6228474164158,698.8480417991817
894.1231001746787,701.8060389556797
897.122576899457,701.8620691039328
898.7973795313126,704.3510520577373
896.5597828784776,706.349341631153
893.5640376756166,706.509062260803
891.6812660618663,708.8446930215304
889.8860434272792,711.24826862722
888.0908207926922,713.6518442329096
886.0692254754518,715.8684074224695
884.2900808222352,718.2839082614117
882.0283135318392,720.2547985993289
879.0430094624083,720.551378458792
878.3304514695964,723.4655268947643
877.6178934767843,726.3796753307365
875.86650683718,728.8153774550973
873.9514976448652,731.1246500231043
873.3058491190151,734.0543493218495
870.4258740539902,734.894434808473
868.5827375210653,737.2614683361184
866.7396009881403,739.6285018637637
864.9903234479092,742.0657191473153
864.8684923472987,745.0632443236774
863.00673240714,747.415657961884
863.7221864170499,750.3290967478728
861.084322610939,751.75796851973
859.6216866188057,754.3772615454367
858.1590506266723,756.9965545711434
855.5707219490528,758.5133125138002
852.5757148018403,758.3403032997504
852.1232620037338,761.3059881220951
850.6474313656238,763.9178694225403
848.2251499434615,765.6877713158235
846.3894512544111,768.0605777392426
843.4964871869248,768.8547810534092
840.6035231194385,769.6489843675757
839.920850528968,772.5702782819603
839.9654848883945,775.5699462259099
839.8664805490545,778.5683121376678
839.244418879373,781.5031101339723
837.3575078181773,783.8353979908067
834.982839111183,782.002108997761
832.0214480236798,782.4818618787906
834.437382619048,784.2604174812116
833.2253109100834,787.0046627640403
832.013239201119,789.748908046869
831.0758819851986,792.598708294213
830.1385247692782,795.448508541557
827.7650152875864,797.2832981045094
825.3915058058946,799.1180876674619
822.7945012987221,797.6162329508776
822.4372123969022,800.5948810738751
821.5973752970827,803.4749285814289
820.7575381972633,806.3549760889828
817.7577109123728,806.3871670943399
814.7578836274822,806.4193580996972
815.1281273427694,809.3964237004676
813.5720283070402,811.9612932470533
812.015929271311,814.526162793639
810.5851349595479,817.1629842964005
808.7013651120269,819.497810020426
805.7134253274428,819.2290799631204
802.897489458646,820.2637321669181
800.0815535898491,821.2983843707158
800.2280675058428,824.2948045135563
797.3674818050783,823.3908966373974
796.460422563942,826.2504846379788
794.8523126717037,828.7830688072584
793.1038984233318,831.2209054744882
790.467517762759,832.6525119192062
788.0552157187225,834.435991341105
785.6429136746859,836.219470763004
782.9321718533953,837.5047251262744
780.2214300321045,838.7899794895447
777.5022837445786,840.0573560977531
775.7894032011588,842.5202893579074
774.2096840571917,845.0706790195441
772.3418648113883,847.4182844516827
769.342203380615,847.3732144979308
766.7680758616461,848.9139505285626
764.1473064702687,850.3739395001716
764.5731728744432,853.3435586349758
762.5290014222935,855.539318884688
760.0455585574988,857.2223255802481
757.8047440341982,859.2170060740027
754.8047593368375,859.2074240282082
752.684202048733,861.3295071528446
750.3473650812876,863.2107814517125
747.6804885877082,864.5847427932332
745.0136120941287,865.9587041347539
742.4344509500985,867.4909990780088
740.2868682975994,869.5857278792347
737.4130185588172,870.446534291212
734.4217967422744,870.675863844996
731.6233394474771,871.7568988903093
729.7814392436084,874.1248945911054
726.9379738490287,875.0812964678435
725.3952947468096,877.6542599708058
722.509130604562,878.4728297870122
720.3785594733035,880.5848588243713
718.2479883420451,882.6968878617304
715.7169913695714,884.3074946807053
712.8685222995917,885.2488893680545
710.179550207956,886.5790882593501
707.2767848278336,887.3366852154966
704.6375928000487,888.7631022093931
703.4505165723024,891.5182519384495
700.7081825726568,892.734641774969
697.9658485730113,893.9510316114884
696.041677781717,891.6493872501827
693.8185086221552,893.6637156464411
691.5953394625933,895.6780440426995
692.0266755176882,898.6468736450134
689.6244572554004,900.4439121588832
687.2394457488541,902.2637253673312
684.244332403191,902.4348862467137
681.3968446935065,903.3792451526365
678.549356983822,904.3236040585592
675.621726527848,903.6686384768277
673.2514423261563,905.5075927457563
670.8811581244646,907.3465470146849
668.5108739227729,909.1855012836135
665.8010586249479,910.4727079692989
663.1673537031753,911.909230988617
660.2892794447631,912.7558055943458
657.4070421307086,911.9235147404539
654.5248048166542,911.0912238865621
651.6652388505873,910.1840951825119
649.7178896375864,912.4661624564161
646.7575551195448,912.9523923827796
646.5373620282417,915.9443006371455
645.1905376849996,918.6249841672271
642.8600184788896,916.7358890849318
640.1737051108944,918.071449075696
637.1749824404434,918.1589839014714
634.1891389368674,917.8678849970536
632.1453235818749,920.0639767061352
629.4674209820574,921.4163219526943
626.5047800516166,921.888295169389
623.7770605109955,920.6394772852628
620.8850320650192,919.8418737072466
618.1734340989831,921.1253208119566
615.4618361329469,922.4087679166668
615.1394641393241,919.4261388251223
612.3953929580998,920.6386046400524
611.8954741187772,923.5966582491154
611.3955552794545,926.5547118581784
608.750689665268,927.9705811610784
606.1058240510816,929.3864504639783
603.1515189405228,928.8648363214116
600.3569297655697,929.9558318957543
597.3598522872358,930.088219919621
594.3805543138471,930.440048835093
591.4012563404585,930.791877750565
588.4394286986369,931.2689280834877
585.5540684628968,930.4475290878652
582.9061667286135,931.8577121985211
580.2582649943301,933.2678953091771
578.3441035612982,935.5778706355158
577.0084374704551,932.8916100201301
574.5212028384067,934.5690079708678
571.5289910137662,934.3529792772129
568.5298492489296,934.2812250131407
565.5518363451472,933.9186796436962
563.1137421395727,935.6667347471594
560.3451667305346,936.8221525090403
557.5765913214966,937.9775702709211
554.9684313707724,936.4951729991219
552.1914159222855,935.3601905327969
549.2317340112098,934.8700038487146
546.233805238028,934.7585450180695
543.5223280372223,936.0422472380221
540.8108508364166,937.3259494579747
537.8368380390632,936.931934380626
534.9076577300573,936.2839353703395
532.9399133485541,938.548440183552
530.972168967051,940.8129449967645
528.7714208492254,938.7741444371493
527.4736683126122,936.0693637891643
524.7003242854807,937.2132881342039
521.7624955910296,937.8208756275408
518.8246668965785,938.4284631208777
516.2633503843941,939.9904034924707
513.8191427216391,938.2509067545234
510.82103682181116,938.357494809281
507.84430261967844,938.7303935755075
505.73765402652464,940.8662848894472
503.5258453640777,938.839488787042
500.6322710428283,938.0475117372446
497.6799045234181,938.579988905831
495.10403833661,940.117816395395
492.1045116360069,940.0645287573448
489.15644445018694,940.6203163677604
486.32071980324827,941.5994311346517
483.4849951563096,942.5785459015431
482.0018576630791,939.9708068087322
480.79772395450476,937.2230691917325
477.7983360869799,937.2836696879735
474.83894033309235,936.791758342432
472.0899322020279,937.9929886681155
469.3409240709634,939.1942189937988
466.5766310509107,938.0285929391449
466.3681051197512,941.0213369870104
463.54396643983546,940.0092892032552
460.85533807265364,938.6783957051927
459.0630649537492,936.2726199327541
456.06410743179987,936.1935390782853
453.2014315012155,935.2962729436
450.20862611722964,935.0886291775357
447.2158207332438,934.8809854114714
444.37037177232156,935.8314696095445
441.37236465859075,935.7221382507336
438.37435754485995,935.6128068919227
436.44369373154433,933.3166062822299
433.5966089432047,934.2621792344686
430.69988705491943,933.4817932389966
427.80316516663413,932.7014072435246
425.24006800676995,931.1423905825822
422.72179337993134,932.7728177977074
419.79636947280784,932.1080659916696
417.02630177862017,933.2599014702072
414.2268041665633,934.3382395990368
411.2318749553398,934.1638864523486
408.30873525680016,933.4891610987257
405.4609818929017,934.432718610701
402.7716194950677,933.1033090074875
399.9473765730149,932.0915521605946
397.1231336509621,931.0797953137017
394.46937052249393,929.6806737114158
392.32761697844666,927.5799853107811
389.36246283709715,927.124067644927
386.6639421245795,925.8133480089585
384.252338849869,927.5977721865031
381.2592662330154,927.3940166706482
379.08335225414754,925.328732584483
376.9074382752797,923.2634484983178
373.96957961744613,922.6560059030114
371.1169472606871,921.7273032395226
368.26431490392804,920.7986005760337
365.26482289443385,920.8538064179405
362.26533088493966,920.9090122598474
360.42949692448957,918.5363104939994
357.76410610110526,917.1594692690868
354.76630741246964,917.0445648635379
351.76850872383403,916.9296604579889
349.13009228955707,915.5018093735487
346.49167585528005,914.0739582891085
343.8845609413135,915.5581927131041
341.78795004560783,913.4124474458348
339.25263231930523,911.8086506922853
336.46293566807066,910.7052049101598
335.9613459162645,907.7474341751495
333.7313791000645,905.7406337369777
330.7576343506263,905.3446007015012
327.84689296227384,906.0709508719644
326.3859115242165,903.450734614162
323.40065671629276,903.1536593176996
320.5149568243083,903.9738642514818
318.29600049865326,901.9548959939711
316.0770441729982,899.9359277364605
313.1728415502424,899.1838591717815
310.2686389274866,898.4317906071025
308.0944727312279,896.3646666749092
306.16080568029173,894.07099456754
303.76870528097277,892.2605096381417
300.77446758938595,892.0746584980296
298.877226876185,889.7507657130301
296.979986162984,887.4268729280305
295.0815392175019,885.1039654405938
293.1830922720199,882.781057953157
290.18357582675793,882.7271961429113
287.57344981088266,881.2482633583497
284.6135556533693,880.7593599156146
281.86637178565314,879.5539633846091
279.119187917937,878.3485668536036
276.3720040502208,877.1431703225982
273.428213645021,877.7211824766688
271.05518101226414,875.8857762208576
268.88955808861135,873.8097036420324
265.8982868277754,873.5810199213686
264.48108234354265,870.9368695001803
263.0638778593099,868.2927190789919
260.92579334008735,866.1882964530299
257.9267294991582,866.1133559564253
255.28549783604714,864.6907192136904
254.3058280555381,861.8551862618174
251.30590692027488,861.833433510241
249.15341119508713,859.7437535938307
246.18862951642902,859.2854200930988
244.94009377028894,856.5575714003355
242.05985508561872,855.7183901807357
239.06847969865277,855.491072574171
236.7513014474936,853.5856369409482
234.43412319633444,851.6802013077255
232.50925660211632,849.3791388152097
229.51054824448832,849.2911150349453
227.63172978637857,846.9523031140192
226.00393519037104,844.4323259805498
224.25011283315237,841.9983771028368
222.4621968248984,839.5893614641517
220.6742808166444,837.1803458254667
217.83397090635285,836.214613143251
215.02622921555135,835.1579265304205
213.93472306477685,832.3635367360608
212.43932189063773,829.7628108127111
210.9439207164986,827.1620848893614
208.03326746363922,826.435381620056
205.42705017547138,824.9495715895154
203.1725995079143,822.970316126582
200.8747510565816,821.0416138440335
198.57690260524888,819.112911561485
195.7292382225676,818.1690855374698
192.8815738398863,817.2252595134545
191.18172766039666,814.7533123121424
188.9341037170245,812.7663078810501
186.68647977365234,810.7793034499579
185.03557938688857,808.2744026708883
184.21826285692273,805.3878833673249
183.40094632695693,802.5013640637613
180.61464172697467,803.6133472813135
178.95038863881965,801.1172980713486
177.6187842264574,798.4290217297167
176.2871798140951,795.740745388085
176.82477530752638,792.7893065719409
174.02535104841868,791.7107780291942
171.4033230496491,790.2530506288657
170.24398327570898,787.4861152684786
167.244453941123,787.5392544344307
164.244924606537,787.5923936003829
164.58821012923133,784.6120991434695
161.95611989495427,783.1726197241574
160.88375793206492,780.3708274726605
159.90352538954352,777.535489016218
158.9232928470221,774.7001505597755
159.4254922953073,771.7424832840086
157.2835325449324,769.642005141353
154.799631097762,767.959675328045
151.86463126918136,767.3385666368873
148.9296314406007,766.7174579457296
145.96492899520135,767.1763036825989
147.35567168666333,764.5181398866403
146.49453245152125,761.6443898596374
145.63339321637918,758.7706398326345
143.23128143337306,756.9734589897745
140.41973199566087,755.9269458463787
138.94187389306552,753.3162111933368
137.73963763170877,750.5676428438358
135.33523637041557,748.7735261880155
133.07248859868844,746.8037616027049
133.03628759097035,743.8039800294832
130.54873444673382,742.1270544632762
129.09269498122637,739.5040887610825
127.63665551571893,736.8811230588888
125.3907323097054,734.8921964758571
127.54320283590367,732.8024906032884
125.36286654302319,730.7418757314728
123.18253025014272,728.681260859657
122.03384938828731,725.909883534642
121.57271181731639,722.9455367025997
119.20644639438305,721.1014141610559
116.84018097144971,719.2572916195121
114.48568947996209,717.3981601511881
112.13119798847445,715.5390286828641
109.81853034809609,713.6281209443412
109.04954220121249,710.72835246566
110.00898215363199,707.8859107375499
109.8953532114356,704.88806343265
109.65247572757913,701.8979111743469
109.40959824372266,698.9077589160437
106.44591349128152,698.4423852079898
103.7251525572767,697.1784785896065
102.84080000735447,694.3117870178733
101.03243252660396,691.9180854795515
99.51003278301187,689.3330711622389
100.70364556479444,686.58074695765
100.93460101118983,683.5896502387558
100.77652259069447,680.5938179315374
98.08643787417438,679.265870561366
96.30669478730617,676.8508106149578
96.97038561007213,673.9251458201161
97.6340764328381,670.9994810252743
95.73040891402582,668.680849968418
93.992814646262,666.2352894681167
92.25522037849821,663.7897289678152
89.52064619335572,662.5559931671057
89.72576133940713,659.5630134182834
89.40289889878177,656.5804373765984
87.82001609253285,654.0320100141489
86.40554563032111,651.3863960378609
86.03718653016838,648.409096662028
85.66882743001565,645.4317972861951
85.10112462359047,642.4860013795551
83.80079954397841,639.7824565422476
82.50047446436635,637.0789117049401
81.43036019506938,634.2762602013373
79.36220870723244,632.103071432878
77.12472784815687,630.1046522062716
74.8872469890813,628.106232979665
76.16090005476161,625.3900209356075
77.19162267388019,622.5726443398295
78.22234529299877,619.7552677440515
79.14450906812252,616.9005148700097
81.06590024850674,614.5965496072633
80.80652961700264,611.6077828255433
80.54715898549854,608.6190160438232
77.8618785631599,607.281380423258
75.28513724477511,605.7450197305401
72.82509131269437,607.4620444863468
74.48604739051308,604.9638001212862
73.78307510246424,602.0473245149703
72.06974660018928,599.5847028543631
69.35174850101191,598.3148657258823
71.24285237637889,595.9859762625174
70.26686144228077,593.1491749482625
69.29087050818265,590.3123736340076
69.69611751220356,587.3398705026834
70.10136451622446,584.3673673713593
67.21713946250715,585.1927435519638
65.78798397625742,582.5550334473234
66.69870338029025,579.696609026927
67.57555619187237,576.8276145782011
65.22661633376795,574.9614737627725
65.31019365404558,571.9626381834959
65.76953776648242,568.998012914365
66.14507649452005,566.0216106122989
64.22048035618394,563.7203219071813
62.295884217847814,561.4190332020637
61.90134407822281,558.4450900152788
62.4432400393181,555.4944377539391
65.01050679041666,553.9422968361408
64.40759876495378,551.0035042417524
62.7891169690008,548.4775357787329
63.429328770354424,545.5466436194395
62.329260665540026,542.7556133141991
60.96142458360183,540.0855900085053
61.24562508729863,537.0990820018696
61.52982559099542,534.112573995234
63.68152619031037,532.0220753631111
65.83322678962533,529.9315767309882
64.07537297642929,527.5005378642828
63.748988726678036,524.5183451606645
63.42260447692678,521.5361524570461
61.710185275189325,519.0728984146216
62.117648531019334,516.1006982707638
62.52511178684934,513.128498126906
60.58023168613672,510.8443261995214
60.10811130869097,507.88170871675374
57.598799768967964,506.2375202857602
58.48876238097107,503.3725653909605
59.37872499297416,500.50761049616085
61.751372533319824,498.67170645474374
63.275027334004186,496.087431692194
60.503345243189074,494.9394864027944
59.26233337247766,492.2082065678537
58.021321501766245,489.4769267329131
59.727534899299975,487.00937007863416
61.11836882324006,484.35125401720694
62.50920274718015,481.6931379557797
63.333274470185685,478.80853992566483
62.07642013857581,476.0845140100184
59.487487719964555,474.5687868142923
57.60747036997534,472.23093849505955
55.727453019986136,469.8930901758268
58.16559444352635,468.1451009313469
59.845184085704076,465.65934578775585
60.573626541766316,462.74912731001126
61.30206899782856,459.83890883226667
60.8685936204817,456.87039083548206
61.50233429468098,453.93809263136546
63.43916837640178,451.6470942158521
63.27849594193364,448.6513999108867
63.1178235074655,445.6557056059213
64.16932456536513,442.8460178073864
66.08039776266838,440.5334868920148
64.62353315990053,437.91097940314046
63.16666855713268,435.2884719142661
66.16069293989901,435.4777283418999
66.37591730640307,432.4854585559242
66.71487559185896,429.50466884836
67.77359164426797,426.69769176965565
68.83230769667698,423.8907146909513
69.02566655382483,420.89695245049825
69.06261493275302,417.89717998957815
69.29260928829122,414.90600921604806
68.87328051497872,411.9354598763009
69.8081298822936,409.084835969078
70.74297924960848,406.23421206185503
72.16227275456937,403.59118237099347
73.58156625953025,400.9481526801319
71.59998561138873,398.69574549338455
71.05300250459011,395.74603203596587
71.33830060377299,392.7596286816611
70.24882054448896,389.96444832962254
72.18578127368036,387.6735569892115
73.70087073131937,385.08425130325026
75.40105501537737,382.61253663520256
77.10123929943536,380.14082196715486
78.06676930024419,377.30044315130334
79.03229930105302,374.4600643354518
80.9422905877353,372.146639756003
82.18986555481276,369.41835151948516
82.191276744664,366.4183518513946
83.51830848589016,363.727815332821
82.81773863918598,360.8107617011768
84.80253002917627,358.5611832655092
83.00549304727942,356.1589638571922
82.5895540839443,353.18793797733525
83.5209824756512,350.33619444904906
85.98486747305226,348.6246832105286
86.56137624600683,345.6805980156495
87.92401043255454,343.0079162026288
89.28664461910225,340.3352343896081
90.98106188123177,337.85956273492576
92.41087252938782,335.2222077132384
92.36945250839223,332.22249366322285
92.65374265553623,329.2359941885474
92.93803280268024,326.24949471387197
95.73309119568685,325.15970180708496
97.22383766469571,322.55630499423876
98.71458413370458,319.9529081813926
97.36691108565832,317.27265122438837
100.16831300485102,316.1992699840346
102.95905152615043,315.09846186917736
104.3821088994029,312.4574568119251
103.9503017700258,309.4886956893322
104.23537113717836,306.50227049256074
104.01546512923352,303.5103411237972
105.5981695394068,300.96180296437757
107.83128014880978,298.95850143785395
107.18369911977754,296.0292286934961
109.10594160256994,293.72597364089165
110.64281309553715,291.1495369515657
112.84312041399374,289.1102606818204
113.4899259272734,286.18081660008903
114.13673144055305,283.25137251835764
117.09736963764516,282.7669951180599
117.72092611113226,279.83251435915685
120.60895036509307,279.0205316570418
121.20870936882756,276.0810947828362
122.72470447296446,273.4923192336174
122.27203348923227,270.52666770646744
121.81936250550008,267.56101617931745
123.88635848831437,265.38672834027
124.48340278234943,262.4467388656357
126.9673784662171,260.7645186654377
129.45135415008477,259.0822984652397
132.14775584551066,257.7672251224545
134.81965269343937,256.40305239364454
137.53271311351517,255.12269964654004
140.24577353359098,253.84234689943554
139.18378662599278,251.0366056768546
138.12179971839458,248.23086445427367
137.88030174900769,245.24060046412464
140.16916241408055,243.3012405553191
142.45802307915343,241.36188064651358
145.39667779740012,240.75830095258206
148.3353325156468,240.15472125865054
149.0707847977576,237.24626635256413
150.47600511902812,234.59572756796044
149.6092128914212,231.72367756244864
148.31504554239356,229.01717966429487
151.22471606358238,228.28655153855323
153.10381631406653,225.94796601550078
153.43689467495784,222.96651354975427
153.76997303584915,219.98506108400775
155.77493166266783,217.75343815332585
158.50527704565644,216.51037174737934
161.40832988256426,215.7538770506884
164.3113795028076,214.99737001013628
167.21442912305093,214.24086296958413
169.4856761094206,212.280904519283
171.91624794214385,210.5224049981081
174.05167947123013,208.41529033948504
176.1871110003164,206.30817568086198
177.97292511676912,203.89760148754658
180.8018007138823,202.89887086517763
183.05691617239484,200.92037288216684
182.98558137039177,197.92122111107835
182.91424656838873,194.92206933998986
182.9111425419261,191.92207094582034
185.86240409820667,192.4606387005368
187.45126881100143,189.91593657171393
189.21308356990133,187.48776673512455
190.9748983288012,185.05959689853518
193.26192203094325,183.11807105893362
195.09168579801573,180.74068498243938
196.9214495650882,178.36329890594513
199.68752168692694,177.20190103407407
202.45359380876567,176.040503162203
205.14177982547307,174.70871641516771
206.99579231454715,172.35019194203682
208.84980480362123,169.99166746890594
210.69726484381218,167.62800687569515
212.4408456267761,165.18671089747397
215.40247500756442,164.7084312608058
217.86814067923356,162.99948632443355
220.3338063509027,161.29054138806129
223.10014710501838,160.12978351834053
225.77114347333043,158.7638485270383
227.9827980921066,156.73688433217794
228.99515884983748,153.91285782801646
231.5274396633975,152.30427028570617
229.9689101612614,149.74087687248
231.93777294379902,147.47734438021524
234.53093067071154,145.96885738877188
237.18780194146848,144.57564704907924
239.84467321222542,143.1824367093866
241.24706359563436,145.834473890974
243.49998045125778,143.85347271943277
245.75289730688124,141.87247154789154
248.7512794775166,141.7739608438232
250.4724789946225,139.3168340212285
250.1743304272579,136.3316862138698
249.8761818598933,133.34653840651112
252.84285823965863,132.90063341916238
254.06914374767825,130.16271014543446
256.31467666500413,128.17334293016071
259.19953096012426,128.99651708908885
262.1774597663758,128.63328159399367
264.9557021877232,127.50130586623892
267.05351863202577,125.35673920464649
268.7791825412215,122.90274570985085
270.9667977124719,120.84985996960249
273.1544128837223,118.79697422935413
275.76639677523076,120.27262329010676
278.37838066673925,121.7482723508594
279.39236423049647,118.92482811864404
280.40634779425375,116.10138388642869
283.29152890365106,116.92341184579321
285.90481790947075,115.45007530173345
288.51810691529045,113.97673875767369
291.5097563023322,114.20042144590086
293.6049831896405,112.0533247338964
295.70021007694885,109.90622802189196
298.1121254760431,108.12222574958061
299.87144119934703,105.69224464147798
301.6712187565494,103.29207782548569
304.5799022896835,102.55753027489783
307.49173649643427,101.83557352245609
310.40357070318504,101.11361677001435
313.1486812708253,99.90350604308492
315.5662382845741,98.12715639133452
318.54317161436705,97.75585065482096
321.3938673394798,96.82122030927043
324.18741476766303,95.72756004827026
324.9104890341483,92.81600314428456
325.63356330063357,89.90444624029887
327.750374083488,92.03026657833101
330.74346793115666,91.82682317330601
332.61838001823446,89.48487853994475
335.16295210875035,87.89580557869732
337.70752419926623,86.3067326174499
340.6956468772961,86.04004392056987
343.1403251848436,87.77887915503189
345.58500349239114,89.5177143894939
346.8775058619214,86.81042097636731
349.37312487181975,85.14552285412859
351.8687438817181,83.48062473188985
354.8663492653078,83.6004661449068
357.7650765410088,82.82756241150463
360.2368586543738,81.12747618308893
362.7086407677388,79.42738995467323
365.044968630986,81.30929646547945
368.0150505828243,81.73192301382241
370.8427887048623,80.7299763519821
371.5094017759858,77.80497600780993
370.71817157946396,74.91119737493007
373.68875321435667,74.49209744598916
376.6886040756553,74.46218407162316
379.6884549369539,74.43227069725717
382.1505087291687,72.7181262680328
385.13564854375727,73.01635485042867
387.9070334014126,71.8676921624481
390.86601936566376,71.37332179181014
393.8514893513991,71.66822680070882
396.2286856585966,73.49823710588377
398.6058819657941,75.32824741105871
401.59011150725246,75.63545099809373
403.22451187474167,73.1197531945507
404.8589122422308,70.60405539100765
407.66821241750904,69.55151915639071
410.5896617622363,68.86951202578808
413.56546062804733,69.24980284902432
416.1417923671,67.71275542934274
419.1367802897124,67.8860971248626
422.13176821232486,68.05943882038247
424.2826823676452,65.96813102466163
426.43359652296544,63.87682322894078
429.22453065831013,62.77651115858633
432.2227082713497,62.88106258453668
435.18524046258034,62.40840730219869
438.1814168304963,62.55982451503137
441.11631348681146,61.93822849127485
444.05200069749344,62.55608009242051
446.9627778388067,63.2822869731428
449.6549640067377,61.95860512420752
452.3471501746688,60.63492327527226
454.85818661522165,58.99337035373255
457.1431426189694,60.93732921670705
459.4280986227172,62.88128807968155
462.320844854887,63.67628445468425
464.7444537439645,61.908200759610814
467.72728540023047,62.22869305339942
470.7101170564964,62.549185347188015
473.6713728206737,62.0685978950767
475.0991712407533,59.43015296072274
477.89978673293984,60.505584439211624
480.8995615078641,60.542344468157054
483.8283842176113,61.19195784153313
486.8272524297761,61.10955974648559
489.5150570274284,62.44211610358241
491.5547587074869,60.24220313794794
494.4979535231008,60.823240380595344
497.49487886239143,60.68745190274215
500.49180420168204,60.55166342488894
503.48056888971036,60.292268668590474
506.4472039244294,60.738448644359714
509.148457618536,59.43337068497357
512.1412948177247,59.64055538313616
515.1341320169133,59.84774008129876
517.7902727855486,61.24234261148213
520.4464135541838,62.63694514166552
523.3172504381449,61.76614345029834
526.2687356980585,61.22880299908256
529.2202209579722,60.69146254786678
532.1485636732372,61.34323623708279
534.3382185819898,59.29252626720037
537.2860709735066,59.84945200536349
540.2339233650234,60.4063777435266
542.9499857216306,61.68034998616825
544.6002266930209,64.18568524044957
547.4295349753764,65.18318944765589
550.258843257732,66.18069365486221
553.2571192647237,66.07900301665852
556.2149386251527,66.58030595009359
559.2125438051785,66.46045944541909
562.2023525164442,66.21338886837721
565.167108701708,66.67188724562651
568.1243007646024,66.16689704457866
570.6085045861506,67.84878032620222
573.092708407699,69.53066360782574
574.8697371100208,67.11360568731072
577.8218641293691,67.64740907961284
580.7739911487175,68.18121247191498
583.6906727100269,68.88332974838525
586.3289842916812,67.4552849318236
589.3180069529602,67.19887991946872
592.0598372843112,68.41640463547392
594.9867588313458,67.75827831210957
597.9136803783804,67.1001519887452
600.3135770063102,68.90028980992753
603.2753738942586,69.37753104299483
606.2371707822069,69.85477227606214
608.776539808501,71.45214666808748
610.8571744204796,73.61338696278776
612.9378090324584,75.77462725748802
611.5832058869679,78.45138841945733
614.2802979446266,77.1377315264619
617.2756616169447,77.30445426203418
620.2089911981693,77.93340383705024
623.1423207793939,78.56235341206629
626.0889243115529,79.12584930758678
629.0355278437119,79.68934520310728
631.8506680086956,80.72616044773635
633.7889277872765,83.01595280311172
636.7860226735503,83.14794614639702
639.7831175598241,83.27993948968232
642.0796896501338,85.21016140283382
645.0794015904958,85.16858887765855
647.6661618336292,86.68802016749844
650.6580182150038,86.90891696065768
653.4440793033983,85.79632376827585
655.3011876989104,88.15241128942576
658.291587910303,87.9126060023624
659.6796220607947,90.57218514144974
662.6350310568279,90.0568622658016
665.346714725563,91.34012828682577
666.666459533512,94.03424662904675
669.666340383442,94.06098398536847
672.6662212333721,94.08772134169018
673.9119924426271,96.8168336688382
676.3008228451432,98.63163098755314
679.2773784392581,98.25730920733824
682.2773351286427,98.24118897729683
685.2772918180273,98.22506874725543
687.5673134108242,100.16305768027948
689.8573350036212,102.10104661330354
692.2088474917289,103.9639446293725
695.1439011123084,104.58479907634276
698.1259004049169,104.91294571868754
700.9404613873329,105.95133219599823
702.5329956529426,108.49373944363948
704.1255299185524,111.03614669128072
706.8773419165385,112.23093986490508
709.8424577339762,111.77477302132618
712.595426175361,112.96689917267888
715.2939090015593,114.27769680645484
716.3405353004507,117.08920412290787
718.2885016980844,119.37074459234736
720.236468095718,121.65228506178686
722.3940030546538,123.73676171096528
724.619528636705,125.74848631528751
727.619369522245,125.77938391135336
730.6192104077851,125.81028150741923
733.5124162507283,126.60360360490493
735.6973017047875,128.6593943414928
738.1671823266039,130.36224187253478
739.0721186986842,133.22250237858768
739.9770550707647,136.08276288464057
742.9357099429878,136.57911089468016
745.894364815211,137.07545890471977
748.4488996119771,138.64846620670886
750.6223876654634,140.71630316385813
753.2750432473229,142.11752347631077
756.0867119967475,143.1637160224079
757.8255167131183,145.60841603638235
758.161961013226,148.58949054617324
761.1063808765132,149.16428761356278
763.9770511988406,148.29293699497794
766.5623874915747,149.81478989636898
769.058861365922,151.47840589614216
771.5479896844253,153.1529924761747
774.305998654217,154.33341042018787
777.0640076240087,155.51382836420103
777.674020834994,158.45115433903314
777.3215617041498,161.4303778219368
780.3198115631849,161.32791913369695
783.1010671212731,162.45247127593117
784.9928949583075,164.7807726814674
786.8847227953418,167.10907408700365
789.2070615890289,169.00821666388822
791.2694646684066,171.186861549631
793.9757035320025,172.48157047953126
795.8021549172742,174.86150227209157
796.9293340549509,177.64169420639868
798.6717978799496,180.083787533561
800.4142617049483,182.5258808607233
803.3674724106077,183.05365593400623
806.0244346896311,184.44669270589938
807.5195190093842,187.04760079286214
810.361109171606,188.00955991359666
813.2067573670856,188.95944745828993
815.4931646097821,190.9016992237789
815.0168418900295,193.86364396780223
817.309379779462,195.79865560226756
817.9013772815974,198.73966545561137
820.0223366442899,200.8613467186212
822.5709880244043,202.44386880145004
825.2990414806047,203.691957075617
824.7707600460786,206.64507724349625
827.4942270120042,207.90314229964875
828.0031847535797,210.85965409859196
829.8536309117259,213.22097767146423
832.3838583418154,214.83279315470733
834.5840063867781,216.8722412614869
836.7841544317408,218.91168936826648
838.787568787108,221.14469875488106
840.9521708274815,219.0675617813498
843.8469355924078,219.85517650679674
846.6271036236496,220.98241459968605
846.6579666681158,223.9822558408997
848.6826264750989,226.19602020640642
850.1113410875599,228.83396913618887
850.2153139203575,231.83216686983488
852.5698490125532,233.69124311884116
853.2545058819975,236.6120726193637
853.9391627514417,239.53290211988624
854.4887385202395,242.48213362560944
856.6094332008439,244.60407944764543
858.7301278814484,246.72602526968137
859.0114725577251,249.712803663391
861.9959216438352,250.01786702142763
864.6243097093063,251.4640952804825
866.702515923774,253.62767077723504
868.7807221382416,255.79124627398758
868.2644903143974,258.7464966363174
868.8754024705421,261.68363577797794
871.0161542331618,263.7853450563607
873.1569059957816,265.8870543347435
875.2976577584014,267.98876361312625
874.4415923902941,270.8640291809525
873.5855270221866,273.7392947487787
875.4581176382327,276.08309601695316
878.2638680443223,277.14505866164825
881.069618450412,278.2070213063433
882.9415650070057,280.5513370037819
882.6418920589389,283.53633216696005
882.980181496475,286.5171978560597
884.169906351871,289.27120489462243
886.1112465940158,291.55838614328394
888.0525868361608,293.8455673919454
890.4702874264814,295.6217216238643
892.9131310986202,297.3631333481534
895.355974770759,299.1045450724425
893.4197489406291,301.3960575718058
895.1114134491224,303.8736110405939
896.0362788430624,306.72748980520396
896.9611442370024,309.58136856981406
897.7288543149604,312.4814756775261
898.4965643929183,315.3815827852381
896.3803033575394,317.50795039930136
894.2640423221605,319.6343180133646
897.0331433935435,320.7884753927829
898.6681161011636,323.30380126537625
901.2663522224263,324.80352425918727
903.8645883436891,326.30324725299823
906.244122017364,328.13021728445653
907.3998715715522,330.89865420228466
910.268923630101,331.77531849683373
910.9450709063161,334.69812961985673
910.0772566985258,337.56987099065555
910.2604814190811,340.5642705467899
912.7138058825385,342.29088546535206
913.8968992504552,345.04774782731204
912.9544557608709,347.8958700629157
913.8721643910596,350.7520582342513
914.3757382168213,353.7094918179532
915.3333117166762,356.5525628674305
914.7485273495445,359.4950154573558
915.7632384741685,362.31819829478667
916.6374329546625,365.1880038649035
915.607968212345,368.0058403300528
915.7420475470879,371.0028426210087
918.0304265409842,372.9427708620253
920.3188055348805,374.8826991030419
922.0080309721268,377.36191620167614
923.6250043514087,379.88885052822553
924.236440969798,382.8258805351701
924.8478775881872,385.76291054211464
926.4834515085157,388.27784552162035
927.2070632309379,391.189268897767
927.9306749533602,394.1006922739137
927.1869414727846,397.0070405857771
928.8069092116249,399.5320563332758
930.0175975091648,402.27691222133257
930.8187446771647,405.1679610301917
931.0366493377747,408.1600368244998
932.4542305478609,410.8039852946502
933.871811757947,413.44793376480067
931.704915573495,415.5226773455372
929.538019389043,417.59742092627374
931.2497842675401,420.06112971603443
933.7398893683752,421.73426347840814
936.2299944692104,423.40739724078185
935.6495241797495,426.35070392596657
935.3417927308053,429.3348790809015
934.6706779704115,432.2588498362924
934.8331044542448,435.2544495487623
933.3129717032491,437.8407976342586
934.3720941690005,440.64762139120177
936.1728817260093,443.04703052149245
937.2591638908735,445.84345521354084
938.3454460557377,448.6398799055892
937.8481061164262,451.59836819942535
938.0978629054266,454.5879537135641
936.9742231881204,457.3695780206358
938.9824832223051,459.598230446452
937.6821032509249,462.3017488817569
936.3817232795449,465.00526731706185
937.550652620813,467.7681651065435
939.3304513181008,470.18318407067875
938.9388911978755,473.15752108457764
938.5473310776501,476.1318580984766
938.9479298715739,479.1049912280735
938.6260988183222,482.08767873654017
938.2863485239698,485.06837827481763
938.5765738759052,488.05430681466817
938.6114971082794,491.0541035357545
939.5281292502493,493.9106373647696
940.7863006504272,496.63405520413517
942.044472050605,499.3574730435007
943.0578246151439,502.1811438068764
944.0711771796829,505.004814570252
941.2193825545357,505.9360865047489
943.9133753042717,504.61608534400307
944.3974125138342,504.37891704481984
