980.7509291249305,499.141206514549
980.7655921049136,502.1411706805047
981.7137629721954,504.9873913336583
982.661933839477,507.83361198681195
983.3322911306611,510.7577564945537
983.256625368133,513.7568021248136
981.5540192523533,516.2268491718372
979.8514131365737,518.6968962188608
978.8885293930588,521.5381732022743
980.8545283035509,523.8041935649242
982.0936477750728,526.5363324587755
981.1824659018727,529.3946094911765
980.1623449177854,532.2158420547602
978.7354099832593,534.8547540829696
977.308475048733,537.4936661111791
978.5745755823899,540.2134068044573
979.2227983293618,543.142537609032
979.6896260154847,546.1059936845407
980.1564537016076,549.0694497600495
978.5769912297744,551.6199983873198
980.3772700013416,554.0197892833448
980.4536191415914,557.0188175941121
980.5299682818413,560.0178459048793
980.2745394937086,563.0069521482559
978.9917882306446,565.7188793591351
977.7090369675806,568.4308065700144
978.2525106057626,571.3811686502685
979.0743219763763,574.266411460004
976.6228656315345,575.995677717506
974.1714092866929,577.7249439750082
975.2590208979872,580.520851874596
974.6731842893514,583.4630951459762
974.0873476807157,586.4053384173565
973.8147071071627,589.3929239169954
974.708484174192,592.256691113269
973.1069131307481,594.7934154169335
971.1134569797143,597.0353192003073
969.1200008286805,599.2772229836811
971.7207537668917,600.7725771739605
971.3873512106177,603.7539934037865
971.0539486543437,606.7354096336124
970.9507627035308,609.733634551719
969.9265163545316,612.553372024705
968.5736305718756,615.2310015844251
967.2207447892196,617.9086311441453
967.4904794668442,620.8964804046815
966.6442485238258,623.7746557278816
967.1505308846738,626.7316268422306
965.9178469025106,629.4666753244551
964.6851629203474,632.2017238066795
962.8568595946065,634.5802332031471
961.6228180257607,637.314669416768
962.2695588648195,640.2441277774711
962.9162997038784,643.1735861381743
960.9572303774543,645.4456000849326
958.99816105103,647.7176140316908
957.2161080391148,650.1309700068266
954.5126291568332,651.4314322066068
955.9581841308642,654.0601906240074
953.6520041617914,655.9789230050984
953.9083995697996,658.9679464902441
954.2842414166746,661.9443105315095
953.5103210005715,664.842766532476
951.7495880078268,667.2717209018004
951.7041818009251,670.2713772615148
951.064180419329,673.2023153761046
950.3174551730908,676.1078964551025
947.4635759746188,677.0327605102634
947.5007178270723,680.0325305819183
947.5378596795259,683.0323006535732
945.697942810384,685.4018377211556
943.8580259412421,687.7713747887381
942.6681614112582,690.5253214839895
941.7695453105304,693.3875739367813
940.8709292098024,696.2498263895731
942.1070410281516,698.9833273631484
940.1306806136719,701.2403163999135
938.3108908352751,703.6253457838924
935.5103316904991,704.7009239896087
934.1201491778463,707.3593807941315
933.6280701127517,710.3187486647579
933.1359910476572,713.2781165353842
932.5936553628853,716.2286880063069
929.6514112593758,716.8145204357294
926.7091671558661,717.4003528651517
926.9457376488269,720.3910107195143
926.9819976951592,723.3907915796839
925.5206277078831,726.0107911522581
923.9416818986049,728.5616596575642
922.3627360893266,731.1125281628703
920.9322392715455,733.7495110703458
920.5305860421038,736.7225019353299
918.4427113314864,738.876748716171
916.354836620869,741.0309954970122
914.2669619102517,743.1852422778534
917.0417839277545,744.3255767775426
914.9642041153205,746.4897537857761
912.5473065060485,748.2670005177451
911.6414437958883,751.1269677816034
910.3315555864656,753.8258921745451
909.0216673770427,756.5248165674866
906.0240986363272,756.4040620864718
905.3028292719785,759.3160666373013
904.5815599076298,762.2280711881309
903.2675099738249,764.9249717742607
902.1249927985685,767.6988958006616
900.4445591070021,770.1840804232295
897.6676982302197,771.319441013965
896.9723065651771,774.2377333968817
895.2305305801451,776.6803173602217
892.8341816744801,778.485175227844
892.1904875109288,781.4153045464595
891.182463799674,784.2408820445204
889.0391643069352,786.3399931145749
886.8958648141963,788.4391041846294
884.1491794563751,789.6456362169977
881.8955985723828,791.625881959148
879.6757314615267,793.6438487601979
877.4558643506705,795.6618155612476
878.7841328852946,798.3517417126368
877.1177588010819,800.8463754355437
874.7870796605059,802.7352731944719
872.4636155661796,804.6330388813723
871.2075383844985,807.3574232363524
869.9514612028177,810.0818075913324
868.7495266573212,812.8305078929918
867.5475921118248,815.5792081946512
865.3283901179194,817.5979064163392
863.4986980859311,819.9753477022764
861.5867261904305,822.2871356403917
859.6245037203611,824.5564269345967
857.6622812502917,826.8257182288017
854.9077203219472,828.0141601045525
852.1531593936027,829.2026019803033
850.8077673842092,831.8840046619347
848.6176652830916,833.9342370357597
845.8873391890345,835.1773458081971
843.4598183548927,836.9400546893818
842.8298397122958,839.8731634343607
841.4920156029318,842.5583499553317
838.5915803232723,843.3248192557647
837.3167470042777,846.0404775569472
834.710174926522,847.52566508836
832.4950664552222,849.5488542689301
830.0052635710421,851.2224377290324
827.515460686862,852.8960211891348
825.9456054990911,855.4524942849113
823.7490585005373,857.4958203193816
821.8857997795997,859.847047007485
819.285368681725,861.3429608102178
817.1932118487084,863.4930491307438
815.1010550156918,865.6431374512697
812.5032688869351,867.1436397769056
810.8080354175495,869.6187525994402
808.2749259974439,871.2260349846397
806.1936714792957,873.3866783218631
804.1124169611476,875.5473216590865
802.8276302745629,878.2582851723
800.4809468730729,880.1272627037785
797.8304226517963,881.5325104941793
794.8888034560733,882.12147272332
791.8913990258085,882.2462392309585
790.1153375528096,884.6640079635152
787.5245227188378,886.1765153175708
785.4299720329362,888.324271687411
783.3066407526514,890.443579186139
781.1833094723668,892.562886684867
778.7282934695825,894.2870956124835
775.7297852566969,894.192499115412
773.2357244162506,895.8597305103157
770.7416635758044,897.5269619052194
768.1244242781938,898.9932696693135
766.242545803506,901.3296201153097
763.3205596976657,902.0093238723067
761.2338022535579,904.164652935225
759.1470448094501,906.3199819981434
756.9449429482951,908.3573203090524
755.0195319882546,910.6579273235066
752.0249246339939,910.8377238579787
749.29845603463,912.0892704918215
746.8694599521313,913.849945939258
743.959361279831,914.5788668660234
741.6293881709823,916.4686354529256
739.234990999399,918.2760817687849
736.3976447370042,919.2504873246365
733.5602984746093,920.2248928804881
731.0536121579071,921.8730808884708
728.4304419228732,923.3287518396244
726.0321227548982,925.130990771765
723.3541591490082,926.4832152078438
720.7955838750722,928.0496418954368
718.2370086011363,929.6160685830297
715.3341874055385,930.3734516475275
712.3970171009523,930.9842139596075
709.4598467963662,931.5949762716874
706.6722161051213,932.703630920002
704.6613805672392,934.929959835412
702.555179394265,937.0662923514221
699.561923305482,937.2673346031085
696.5686672166989,937.4683768547948
697.1331947606541,940.4147829116912
694.4996235280124,941.8515510080109
691.8660522953708,943.2883191043305
688.9067068244082,942.7961053464034
685.914812084029,942.5757287085962
682.9229173436498,942.3553520707891
683.6746545416728,945.2596404836552
681.4194152453987,947.2379973060057
678.4811287983819,947.8433672385904
675.542842351365,948.448737171175
672.9353202848944,949.932256187861
670.0702377893773,949.0427044502528
667.4572618657558,950.5165961771359
664.5786303329278,951.3612739252792
661.6999988000998,952.2059516734225
658.9457346893404,953.39508127451
656.191470578581,954.5842108755974
654.3347794544514,956.9406272372744
651.3980334251946,957.5534263557823
648.6137830273179,956.4363096555563
647.769309245922,959.3150010305625
645.2643552030277,960.965820597622
642.2833406940031,961.3027961115467
639.3125498611547,961.7204105598886
636.3417590283063,962.1380250082304
633.5339601946011,963.1945597731311
630.7106885593944,964.2090238059271
627.9778282681758,965.4465514333687
624.9923859707368,965.7417366102695
622.1105022325391,964.9082222915492
619.289414975109,965.9287450428709
616.4683277176789,966.9492677941926
614.405893999021,969.1278836750084
611.8382008478122,970.6793191010688
608.8495826920613,970.9403967123565
606.5331483465123,972.8467366407956
603.6586968092114,971.9879419274278
600.7842452719104,971.12914721406
597.8271526063287,970.6235752931995
596.125592402921,973.0943429622002
593.2336014152953,972.2966035765037
590.3416104276696,971.4988641908071
588.8414814558622,974.0968659359844
586.1463043941461,972.7792845889704
585.3044289754657,975.6587369291598
582.5754572009344,974.4126578571056
579.588343312244,974.6904178542123
576.6012294235536,974.9681778513192
573.827547166231,973.8250738598057
571.9117886735097,976.1337248506586
569.0859613588639,975.1264016712362
566.0890374091638,974.9905825278346
563.1041574744215,975.2914010365286
560.3446572036577,976.4683285005866
558.4169828982525,978.7670393941704
555.5080667784393,979.500665326026
552.745560299914,978.3308115077626
549.7505902533154,978.1571612270924
546.7556202067168,977.9835109464223
543.7586048999239,977.8497228645581
541.2245761083599,979.4555553849427
538.6461686370276,980.9891182013209
536.170331260437,979.2949430968299
534.9688626178676,982.0438470785874
531.9708293772118,982.1524596373607
529.0309914458479,981.5546695928513
526.0881839382153,982.1376652815322
523.117452378221,982.5557011633102
520.1467208182266,982.9737370450883
517.1739439224307,982.5705032074437
514.2665795960739,981.8307514424386
511.3592152697172,981.0909996774334
508.35960910925644,981.1396091633985
505.3600029487957,981.1882186493636
502.42188855873513,981.7944230958328
499.4677311082348,982.3168728615071
497.7234908730895,979.8760480005021
494.8661766157891,978.9618515035563
491.9665998834925,979.7315623411599
489.0790714414041,980.5453064631852
486.08026994589324,980.6300979163035
483.11535205052246,981.0875494150553
480.12929816426464,981.3764822590942
477.16962968565116,981.8667500397017
474.170072184718,981.8152253019989
471.40751816912393,980.6454837446772
468.6449641535299,979.4757421873556
465.6460672564233,979.5570895937333
462.8729187885759,980.7014879401474
460.09977032072845,981.8458862865616
457.1389408801747,981.3626792667967
455.3636639853163,978.944334389286
452.74270872736685,980.4039896690789
450.18180694569213,978.8413694130297
447.6209051640174,977.2787491569806
444.79972855443225,978.299024873407
442.1558354466475,979.7167093356934
439.18879085329957,979.2732610511268
436.22174625995166,978.8298127665603
433.30954341181416,978.1093444665637
431.4770708573793,975.7340456775178
428.4770969089024,975.7215433393369
425.5001982846205,975.3499594581626
422.52329966033864,974.9783755769884
419.59233951841793,975.6182760743097
417.5150618172967,973.4538090839344
414.5169304256004,973.5596776728785
411.6395805422807,974.4087110343905
408.89084285778733,973.2068619832007
406.14210517329394,972.0050129320109
403.23090441408567,972.7295197570892
400.31501695905104,973.4349276884109
397.4222912365138,972.6398566889578
394.5295655139765,971.8447856895049
392.15069147356473,970.0169568408828
389.1560293047618,969.8380756100605
386.4478201997762,968.5474930115132
383.4540625237473,968.7409225263712
380.4603048477185,968.9343520412291
378.64369029498454,966.546903284335
376.8270757422506,964.159454527441
373.82962852087616,964.2831887388566
370.83118045867855,964.1867044484086
367.96288814764245,963.3075575787382
365.50905324420097,961.5816681655218
362.51277698750215,961.7310957183456
359.51391866557685,961.8138529840039
356.51506034365156,961.8966102496622
353.8605724007423,960.4988642924335
351.4342621618997,958.7344894385865
349.00795192305713,956.9701145847395
346.02268609809744,956.6731500172779
343.103655669134,955.9808629707533
340.37494538910005,954.734211372416
337.37506324326273,954.707619811976
334.46103816736536,953.9945575026078
331.6041877380606,953.0789125798451
329.5412891161754,950.9007369037748
327.4783904942902,948.7225612277045
327.40866692656397,951.721750888947
324.4089450509438,951.7626002332004
323.39725597226186,948.9383330347796
321.13378319280747,946.9694016046203
318.870310413353,945.0004701744612
315.91841649728525,945.5355611090528
312.9665225812175,946.0706520436444
310.1994378072965,944.91166893163
307.26078846713136,945.5152748092912
305.6369725429097,942.9927320754125
304.3522810572201,940.281723446397
301.6240258077114,939.0340763434355
298.6559831345944,938.5973582529508
295.6879404614774,938.1606401624662
293.8721511599326,935.7725636954334
292.05636185838785,933.3844872284006
289.05830602371634,933.4924743211121
287.572211956722,930.8864189832415
284.5829476067388,931.139990759903
282.2362739067341,929.2710010473293
279.74262790971477,927.6031492428965
277.2489819126955,925.9352974384637
278.3351757387053,928.7317564444816
275.86470948639135,927.0297586488961
273.39424323407735,925.3277608533106
270.92377698176335,923.6257630577252
268.74866762983464,921.5596315742149
265.8012802693955,922.119013150175
262.8538929089563,922.678394726135
261.1257338248075,920.2261577514782
258.60984248524096,918.5920553166554
256.2387403951477,916.7541557333387
253.61565355470609,915.2983345123429
250.73614952433502,914.4566359088767
248.51659844154636,912.4383215154058
246.30874244347356,910.4072203628845
244.45603990604843,908.0476667381879
242.60333736862327,905.6881131134915
240.04554686638284,904.1204053133423
237.21111373359923,903.1375580130059
234.81052596934225,901.3383419653619
232.47081871766753,899.4606385871733
229.8874561427328,897.9354376802675
227.30409356779805,896.4102367733616
225.33368498264386,894.1480497767694
222.34096384190988,893.9391953446786
219.3482427011759,893.7303409125878
217.04694744437091,891.8057526082987
214.5579471417754,890.1309757593783
212.23436274508074,888.2333573700711
209.9561979486002,886.2814441650139
207.67803315211964,884.3295309599566
205.5327928931989,882.2324033454549
203.38755263427814,880.1352757309533
200.7285290626407,878.7461775899004
198.63993007336163,876.5926330089868
196.8510034894169,874.1843677251661
195.0620769054722,871.7761024413454
192.09919337864542,871.3056545627674
189.99678852879418,869.1655859079523
187.89438367894294,867.0255172531372
185.24298152346498,865.621926639772
184.9774170958083,862.6337038343636
182.36007382714382,861.1675816655193
179.9753882739931,859.347341348255
176.9916736711659,859.0351760573022
175.03730352250244,856.7591186498511
174.911180314349,853.7617709996168
173.04872066155224,851.4099113010582
171.18626100875548,849.0580516024995
168.940887828531,847.0685040957712
166.10614191647147,846.0865592836449
163.23331549730995,845.2223438212933
162.80384241644782,842.2532441475176
160.19011301116208,840.780689022592
157.9377291118969,838.7990819045358
156.8157801378614,836.0167752176911
154.94570749385454,833.6709644183859
152.10044711255284,832.7199158588502
149.25518673125111,831.7688672993146
148.12488819893937,828.9899421063931
146.99458966662763,826.2110169134716
144.5329622931091,824.496260174472
144.4833505327869,821.4966704236498
141.9183374037068,819.9408080750962
140.05470145287566,817.5898803767674
138.19106550204452,815.2389526784385
135.34309219368535,814.2960592407301
132.39835839079524,813.7228726828658
130.81878553330057,811.1723924167461
129.2392126758059,808.6219121506264
126.27707277326994,808.1468045861694
125.61382571085528,805.2210391591062
124.95057864844063,802.295273732043
122.68106201420197,800.3333118957898
120.72579548528714,798.0580244851743
118.6866152029804,795.8576282080797
116.1401703452884,794.2715580372695
113.59372548759639,792.6854878664593
113.15029791527844,789.718440177576
111.4137878225959,787.2721097219728
110.5421183391157,784.4015362058319
108.64251287187842,782.0795760276975
106.89841420461815,779.6386500069298
105.15431553735787,777.197723986162
102.72974779819326,775.4309553883535
101.14187904704426,772.8856316704102
99.62360178590258,770.2981939111008
98.60634899985288,767.475925892419
96.58154075607574,765.2622972930528
94.55673251229862,763.0486686936865
92.95298741673375,760.5133182902015
91.34924232116886,757.9779678867164
90.32583176638141,755.1579269585826
89.30242121159395,752.3378860304488
88.89235938560427,749.3660432858094
87.81679633090111,746.5654783222069
84.89299725758808,745.8936160008241
84.07643349593316,743.0068836572993
85.53798017856012,740.3869826487683
84.14258327918338,737.7312591139835
81.95748526281946,735.6756943110929
79.77238724645552,733.6201295082024
77.79838062501294,731.3610815099295
75.82437400357036,729.1020335116566
74.18377861972152,726.5903713555349
72.48304332626155,724.1190357932165
71.44065554010035,721.3059542616462
72.70579319212446,718.5857655326366
70.72114988891504,716.336056449438
67.91328846109212,715.2796880467753
67.26214284300896,712.3512056097354
67.1481886013461,709.3533706525026
65.24044693496093,707.0380905972311
63.33270526857575,704.7228105419596
62.16092525402566,701.9611205525688
59.95207623586225,699.931099366729
58.756258118715515,697.1797326098782
59.109711119342634,694.2006268755432
56.29001161876597,693.1762759950107
55.22773064417617,690.3706460958571
54.72098546014489,687.413754261775
54.21424027611361,684.456862427693
54.386919779069366,681.4618362526389
54.56579366546667,678.4671736451379
52.23115972170969,676.5831661216238
49.8965257779527,674.6991585981096
47.45667155222368,672.9535608903911
49.73387170983565,671.0005223751099
51.044580495887196,668.301996392621
48.052169991715544,668.0887374548877
46.3175949266344,665.641034584113
47.558029509952846,662.9094925206426
46.48243067731852,660.1089412978946
44.43897223242399,657.9125174808709
43.660839693646686,655.0151894441971
42.88270715486937,652.1178614075233
40.063490699714535,653.1435409768743
40.51175247893237,650.1772197910799
40.68370902262423,647.1821520210484
40.855665566316084,644.1870842510169
39.79043628343807,641.3825724263139
36.85788703764282,640.7499944303437
37.1517805583167,637.7644247027196
34.85317871844525,635.8366203605366
35.87951892675596,633.0176443448875
35.609121611225824,630.0298549795282
35.960715433530076,627.0505292531066
33.858796976529405,624.9099828742304
32.18493462221332,622.4203674784708
31.794306271527294,619.4459079491377
30.041816889406373,617.0109991283492
28.289327507285453,614.5760903075608
30.33010890586298,612.37717892162
30.390251848609342,609.3777818444664
29.929281198460558,606.4134090508217
29.091075358868526,603.5328863603237
28.670768947469195,600.5624751900416
27.848989681638372,597.6772232360087
28.58914755462739,594.7699622702452
28.806013661373676,591.7778110221053
28.435390942943187,588.8007925806805
28.064768224512697,585.8237741392558
26.09029460643092,583.5651342982234
24.11451606033362,581.3076358736876
25.442601345684224,578.6176192427287
25.397770229359008,575.6179542329303
25.57627374669932,572.6232695259374
23.45195992954727,570.504946886145
22.424208155784946,567.6864851972927
22.582491587157293,564.6906637147351
23.121599970743052,561.739500867526
23.073712807095486,558.7398830886152
23.025825643447916,555.7402653097045
24.3927450276391,553.0697725841719
21.415150445770784,552.7038074136592
20.65293305454442,549.8022518569773
19.890715663318062,546.9006963002953
18.978635368402255,544.042705828718
19.870003059999597,541.1781877822787
20.692637668013976,538.2931795844225
19.080465984750198,535.7631790975288
17.46829430148641,533.233178610635
17.874127468382905,530.2607554508802
19.653537191136728,527.8454498721658
19.013881110464535,524.9144363787715
19.808635983674563,522.0216237869313
21.3001763715609,519.4186817454513
20.2249301121596,516.617995136485
18.211828617154403,514.3937149448707
16.19872712214921,512.1694347532564
17.52383366365144,509.47794953990893
17.081086728262864,506.5108002091195
16.638339792874284,503.5436508783301
18.61083670248284,501.283284549262
17.597745571220702,498.45951997696534
15.977988301881428,495.9343692114817
16.649882809686762,493.01057753450107
17.321777317492096,490.08678585752045
19.120929348018144,487.6861501144195
18.51384591155212,484.7482172184587
20.361021583174008,482.38433438757045
20.55284041387644,479.3904730787941
18.55289877656444,477.1543529014902
18.595169524805975,474.15465071896557
18.637440273047506,471.15494853644094
19.978867180774834,468.4715600347094
20.33378345783265,465.4926282737791
20.688699734890463,462.51369651284875
19.285623413671413,459.8620221669242
21.290641333052786,457.6304525079264
19.71696400075128,455.076330417305
19.85841500450875,452.0796670038506
19.99986600826622,449.08300359039623
20.279507700981764,446.0960652710305
21.03434015423392,443.19257978501247
22.2725185615816,440.46001428139175
20.29660270045793,438.20263604331114
21.78441385329822,435.59756061763073
23.037087293626723,432.8716095447214
22.505651842635242,429.9190553349855
25.055230188328636,428.33802710653055
26.965378249608747,426.0247319710176
26.907726480723227,423.02528597658056
25.524910345064104,420.362990062344
24.69747018996972,417.479356453555
24.786726304429124,414.4806845231779
25.501149750874074,411.56699285466357
26.215573197319028,408.65330118614924
27.74929602574765,406.0749888921172
27.59890752236108,403.0787607135485
28.87655448620461,400.36442502395863
30.295433341988556,397.7211727104991
30.881540331117563,394.7789832880971
31.467647320246574,391.8367938656951
30.971987514014895,388.87802362174466
33.09630266101534,386.7597023155627
33.641251183717024,383.8096122986979
32.823226179967406,380.9232936930619
32.60861163947504,377.9309801067195
34.43687812279817,375.5524423908198
35.682840561813585,372.8234173633489
38.16344279804179,371.1362266374321
37.95844280962687,368.14323899884255
37.75344282121195,365.150251360253
37.68434338744742,362.151047254452
37.6152439536829,359.15184314865104
40.182013218637884,357.59887967822345
41.53240016747087,354.91998903312026
42.88278711630384,352.241098388017
40.09853491191121,351.12398619027914
40.36937480845049,348.1362369119021
42.97499467997328,346.649379459042
45.36954379104676,344.84213444116057
45.34744840761664,341.8422158099255
45.64564705736078,338.85707300508506
45.061459444217554,335.9145018789014
44.477271831074326,332.9719307527177
47.466355338071224,332.71623603591826
48.99196315652524,330.13311374220626
50.905422799573124,327.8225570572433
52.81888244262102,325.5120003722803
51.48069372278186,322.82699553986464
51.420368500877444,319.82760212325485
53.31360975770467,317.5004498842625
54.51666903625902,314.75224167303026
55.14759427217114,311.8193363989566
58.040965176131245,311.02661651645263
58.74546312992581,308.11050907105573
59.449961083720375,305.1944016256588
59.61833098417492,302.19913008928336
60.78070321661182,299.4334672766362
61.30160379068078,296.479036266791
63.635472609787534,294.59408100599535
66.17325463212657,292.99418650725715
66.96150411569215,290.09959452363347
67.74975359925773,287.2050025400098
68.97657955802002,284.46732139223036
71.36261255570022,282.6488477097204
73.74864555338043,280.8303740272105
75.16177863128289,278.1840454565039
74.55530783381245,275.2459860337189
75.65223492811498,272.45371975884734
75.118304108834,269.5016157836761
77.20551927154557,267.3467299712612
79.29273443425714,265.1918441588463
81.82675883382898,263.5860047078505
84.3607832334008,261.98016525685466
85.38274056244654,259.15959736765046
85.47446772133483,256.1610000074965
85.04415152711081,253.1920224102438
84.63399112320948,250.2201932692817
87.46393035541782,249.22448048840155
89.27224680819667,246.83074040087968
91.38034921788613,244.69628397587084
93.4884516275756,242.561827550862
93.2933583615579,239.56817783562235
94.39557150729135,236.7779939382112
96.63821484132532,234.78536982004115
98.88085817535931,232.7927457018711
101.18292864346475,230.86908472345604
98.47626453299304,229.5752650323536
100.71414010407051,227.5772878231806
103.4673144088851,226.38563718339194
105.6978952860829,224.37951930293735
106.08468310668997,221.4045579280906
106.47147092729703,218.42959655324387
108.1168327087982,215.92105422592002
110.34746547303325,213.9149940396043
113.24566076621431,214.68989018915153
114.30278064694119,211.88231159581312
115.35990052766806,209.07473300247472
117.06149730095642,206.6039905186989
119.08225536643582,204.38666401121293
119.42693799823222,201.40653081228743
119.77162063002862,198.42639761336193
122.76249420740541,198.1925702322678
124.67708394121688,195.88294988442192
126.417360354112,193.4392972890801
128.15763676700712,190.99564469373826
130.22078636725777,193.17358264670787
132.92550815341338,191.87570743718456
133.895902643609,189.03698685681778
134.4578276815666,186.0900833545435
135.01975271952423,183.14317985226924
136.50153678823523,180.53467147127554
139.4942094152672,180.74421990819081
140.49877507718577,177.91741113664398
143.4984839473849,177.959204605616
145.10398390434923,175.4249650967717
148.0212096408661,174.72511225352275
150.2346678504876,172.7001177463057
149.89591855457795,169.71930428107163
151.69897738667908,167.3216014537842
153.14053812149731,164.69065055195608
154.49388989901257,162.013256489384
157.01587669697057,160.38857726229773
159.9463330834649,159.74637373781775
160.67237107815367,156.83555446650112
161.37815192589767,153.9197572521946
164.14081957692522,152.75028410159817
165.679244134297,150.17477446634624
168.1594822098145,148.48704845518415
170.63972028533203,146.79932244402207
173.11995836084955,145.11159643285998
175.45934240844628,143.2334903980872
177.76433402557112,141.31333060135563
179.8782443915913,139.18462607408267
182.46738000567342,137.66924599902177
184.35778461037557,135.33978888833678
185.32188962857498,132.49892607681585
186.2859946467744,129.6580632652949
189.09047866791715,128.59276078470313
192.01370441504997,127.91840833138238
194.79990177214324,126.80615643215877
195.51261811212956,123.89204671927621
198.18206512303612,122.5230862903514
200.9543359303156,121.37656347282618
203.109351379637,119.28948215836186
206.10240924755487,119.0855101031807
209.09546711547276,118.88153804799953
211.29161685972645,116.83778505391867
213.48776660398013,114.7940320598378
216.1998849362184,113.51168493369096
216.13483669856794,110.5123902288014
216.06978846091747,107.51309552391183
219.05576665172526,107.22338145103964
222.04174484253306,106.93366737816747
224.8043119832301,105.76395681860964
224.4871101089041,102.78077345667494
226.69750519699028,100.75243582339873
228.89538003853465,98.71053813230198
231.66654881596713,97.56135424493519
234.23553447651616,96.01205999402819
237.23454218980254,95.93490602038564
239.9672504788071,94.6970427778561
242.5120919289897,93.10840122186158
243.97930391543835,90.49166871990013
245.81494337105522,88.11881647229124
248.62169383945806,87.05949980192281
251.4284443078609,86.00018313155437
254.13833189443412,84.71312863848254
256.6284887854053,83.0400719573301
259.11864567637645,81.36701527617764
262.05858785557115,81.96429241703606
262.3085091652893,78.97472065189163
265.1399629162909,79.96611848119073
267.3822669958497,77.97311260694094
270.16028146605834,76.84057757290829
272.63868734981753,75.15016215788516
275.5583558041621,74.46057089002764
276.29000944755853,71.55115807193106
279.27389698828557,71.8616659531417
282.25590892122085,72.18969770744563
285.2527887552434,72.32648681676781
287.58667379632953,70.44155164149139
288.412350866248,67.55741270998845
291.00157317710085,66.04218077230307
293.5907954879537,64.5269488346177
294.948950875973,61.85198828500316
297.8404179227521,61.052351919277676
300.09784594794087,59.076492938709386
303.0700099357911,59.4842198440347
305.8732686176845,60.55274254495846
308.8732134576306,60.53455031362495
309.9204871164098,57.72328407158609
312.63590887302945,56.44794698529225
315.6303298105073,56.63082194036889
317.37432816341,54.18982424576268
319.9628872831272,52.6734596181982
322.401228527429,50.92574912262496
325.4003276307263,50.999264893732835
328.3679133942836,50.55945273390566
331.31688386297463,50.00847798422255
332.3859139972736,47.20541277414255
335.29216227389907,47.949537061215246
338.29210225872936,47.93056109176466
340.4185051799157,45.81433553271617
343.25558707619615,44.839160515707555
346.0926689724766,43.86398549869894
347.3987835365971,41.16323287296804
350.39422796981427,40.99796748788072
353.3362584877123,40.41106338007717
356.27828900561036,39.824159272273604
358.9394164166279,38.43909577108274
361.09149110700656,36.34898225095242
363.95529782839986,37.242632664986004
366.94568921609624,37.002717370785746
369.55546772146363,35.52317144283277
371.58108149814996,33.3102799344893
374.42778046119923,34.25701380088166
377.2400336121716,33.21239319279184
380.18374036767403,32.63395517743557
383.16374002612906,32.97979044979494
386.054891291652,32.17901310254714
388.0056824280966,29.899887405713113
390.9208145555605,30.60841029131915
393.69369972749627,29.46337412452838
396.5642898407018,28.591759300212846
399.43487995390734,27.720144475897314
402.41756020806383,27.398246197764283
405.21378097085204,26.311439202133425
408.1685106866916,25.79223567139173
411.16696547359527,25.695960592090504
414.11359959373357,26.259296514997022
417.0615834073488,26.815526174996016
419.81477121353134,25.62390672907896
422.5679590197139,24.432287283161905
425.512336538432,25.007301219747298
428.4462825723319,24.38123359547391
431.38022860623175,23.755165971200515
432.9050656485933,21.1715886074968
435.6998366726576,20.08105895496533
438.65465344546675,20.59976681024201
441.36899640576337,21.877398327498916
444.3602158155661,22.106759271034097
447.35143522536885,22.336120214569277
450.2461969774011,23.12374601339195
453.0486713509474,22.053167951961512
455.85114572449373,20.982589890531074
458.7066136179371,20.062642549910905
461.70651902982866,20.086465221962293
464.5493038977388,19.128042457843524
467.39208876564896,18.169619693724755
469.40776092575715,20.39157058043778
472.0035148969495,18.887555513678514
475.0024034739577,18.805901960848978
478.0001035962128,18.923349723841547
480.99189695340505,18.70160097444161
483.9627268630667,19.118937346999587
486.9335567727283,19.53627371955756
489.01466202611965,17.375486611972228
491.76747335614994,18.567975513915126
494.6196280649389,17.63780697158922
497.5043646512947,18.461393534945252
500.5030604104178,18.549845466619956
503.4985609310108,18.714091109262423
506.4940614516038,18.878336751904886
509.4844383186922,18.63824053622765
512.3708591301825,19.45590483103068
515.37057208732,19.414405737298075
518.3201885766856,19.96191150499653
521.2742674261705,20.48480552009549
523.9411593722263,19.110874172442685
525.9703036093986,16.901219524143414
528.8672040274402,16.12149651694761
530.560038146412,18.598250975032762
532.2528722653839,21.075005433117905
534.7965568863349,19.484512255157817
537.2410245665205,21.223643578700628
539.543365512988,19.30030633156497
541.8457064594554,17.376969084429312
544.8343593717672,17.637648523070364
547.7633489884377,18.286508928270365
549.7905712718821,20.497926983163257
552.7370109232153,21.06227916137408
555.0900510921472,22.923247179205863
558.0230204006186,22.29261968570071
560.683995635891,20.907263847922177
563.6253429633482,21.49758232066416
566.3991174459989,22.6404625065963
569.3172412332923,23.33656132288044
572.2593315867828,23.923165407334455
575.2014219402732,24.509769491788468
578.076415808928,23.652792096988698
581.0466168194388,24.07458109300524
583.2396897486213,22.02752683693708
585.0084071825997,24.450673270552
586.7771246165782,26.873819704166895
589.5025119077991,25.619920141661318
592.0460247294181,27.21068804624688
594.9476759704324,27.972541100004584
597.8493272114467,28.734394153762278
600.8396538612216,28.97511500380714
603.8299805109964,29.215835853852003
604.0499060807487,32.207763784763635
606.9956775596515,31.639934238083853
609.9174426950334,30.959281247443915
612.9174178437244,30.971492194848082
615.0970871028994,33.03281262617531
618.00613671207,33.76590905324642
620.9162237910131,34.49487626304975
623.2860624401362,36.33440467466025
626.286017088302,36.31790894948649
628.7998426774715,37.9551874558
631.7959957972056,38.107063994829126
634.6857713584418,38.912791743936644
637.0886722611517,40.70891736642414
639.9205610899735,41.699071728730665
642.7907420578574,42.572032902894215
645.6609230257413,43.444994077057764
648.5905637337455,42.799079746821555
651.5367803960191,43.36459489157132
654.4829970582928,43.93011003632109
656.5242882339478,46.12854819469467
659.2753536327099,47.32505944484412
662.253381101389,47.68748515556703
664.906104150959,49.08857773719039
667.558827200529,50.48967031881375
669.6291054865478,48.31850753854159
672.1868528290614,49.88628575368055
674.940613996463,51.07657959677619
677.8795785119923,51.67864900843845
680.8185430275217,52.28071842010071
683.2965828251005,53.97167044828356
686.2821853897352,53.67811069960107
686.6936810551491,56.64975524721198
688.8022703704506,58.78373066867219
691.6201248642673,59.81314606183338
694.5887898794898,59.380678690354856
697.5574548947124,58.94821131887634
699.6125463519579,61.133754524204534
702.3094057983977,62.44788888801534
705.0062652448376,63.76202325182616
708.0060816330956,63.79521416531353
709.8128889321875,66.1900935743753
712.7719361889484,66.68409694709284
715.7309834457093,67.17810031981038
716.9681066335884,69.9111437182971
719.0245798313675,72.09538683361555
719.8846765183955,74.9694490613628
722.4771058369514,73.45971059782293
725.3783928519686,72.69647167291593
728.2764638608622,73.47183250982329
729.229920806921,76.31628673726523
732.1310341351781,77.08018558960711
735.10882534933,77.44454733968428
738.0866165634819,77.80890908976144
739.8740682505795,80.21826926754558
741.6615199376771,82.62762944532972
743.4489716247747,85.03698962311385
746.4296122183822,85.37725665316333
748.6006928722999,87.44762106412689
751.4708649289205,88.32061153680927
753.3955421970894,90.6218323896163
754.3158211471558,93.47719342704478
757.1243644385335,94.53174763639461
759.3285810272672,96.56679781512507
761.5015832328438,98.63514532329651
764.4191871500802,97.93687074827136
767.3264840146459,98.6768876003003
768.6025197431419,101.39198111979493
771.5661428661728,101.85774713898992
774.5651353872191,101.78000488080365
775.6656860927866,104.57084492359988
777.4544084065519,106.97926193156135
779.7579372480061,108.9011763096201
782.6117819337451,109.82614685492393
785.2454439999445,111.26274844237327
787.215452988108,113.52528343360657
789.8550921135197,114.95087288628771
791.5609536574622,117.41867279570064
794.3471694146131,118.53087860156761
796.9421201769092,120.03627906033567
798.9722186745223,122.2450570233706
800.1072621544483,125.02204753445946
801.2423056343742,127.79903804554833
803.4066605718826,125.72164359468375
806.0808604190055,127.08129618915345
806.8516620452906,129.98058314509902
807.6224636715758,132.8798701010446
809.2167985357975,130.33859161557172
811.7568263282834,131.93491827806878
814.516552730596,133.11131539825348
816.8082566301658,135.04731468459028
818.1374757909136,137.7367712138357
820.5958957095165,139.4561232731349
823.3156771935562,140.7221361794967
825.952530453666,142.15287196385685
824.2539096832899,144.6256613763315
826.2803043828674,146.83783779821204
829.1269829225632,147.78463307261686
829.9744613697029,150.66244131529632
832.3829531189103,152.4510629896589
835.0657274818609,153.79371771723984
837.8131522971989,154.9985649623562
839.8083172191058,157.238948173861
841.8034821410125,159.4793313853658
844.3188875412474,161.11418173707062
846.8342929414822,162.7490320887754
847.1369786190573,165.73372325882815
849.8562261271468,167.00088267648218
850.5911095574286,169.9094813672433
851.7492076664016,172.6769366550471
854.5717675529391,173.6933793179204
857.3943274394767,174.7098219807937
859.640300912099,176.69869180063534
861.2475178085608,179.2318427727899
862.7533075827879,181.8265676437219
864.259097357015,184.42129251465389
867.1572564979462,185.19632386488252
869.8755240451499,186.46558409896346
871.6123409059311,188.91169676850794
871.5528827421668,191.91110749842835
874.2576322040139,193.2089250313034
876.962381665861,194.50674256417847
875.60636370292,197.1827872731064
875.7739139531623,200.17810477107616
878.2266725426995,201.9055234526503
879.2637734698101,204.7205583844027
880.3008743969208,207.5355933161551
881.6641866120361,210.20792933621644
884.3165499227114,211.60970280870907
886.4368730222382,213.73201992771206
888.1386089526,216.20266656843503
889.8002991984113,218.70042266681122
891.9355560415605,220.80771434424568
893.4725133834324,223.38409982186076
896.1225535621571,224.79026021496847
898.5052774352353,226.61306764985113
898.2798401703935,229.6045853315005
900.2899847543309,231.83153812661467
902.4415844402034,233.92214062153172
904.3631111977668,236.22599281296417
906.3506060884974,238.47318307178062
907.24373964579,241.3371510270549
909.6452511398218,243.13513393688277
912.0467626338536,244.93311684671062
912.469386213374,247.90319922099476
911.2057857166999,250.62410234032942
914.1180927241015,251.34414948784067
917.0303997315032,252.06419663535192
917.139986213824,255.06219443436586
915.5891671027541,257.63025987059217
915.8364119693005,260.620054173879
917.527641887896,263.0979043231913
919.772250264267,265.08831464187574
922.3613751548331,266.60371303868453
924.7375695490922,268.43502409928885
924.3483993287206,271.4096747576983
925.4600334831356,274.1961186395553
926.3822520950496,277.0508537992224
926.3305972620743,280.050409062629
928.6916361043108,281.90121850323897
930.265871558086,284.4549966330061
931.1811176468397,287.3119748613133
932.0963637355933,290.1689530896204
935.0853601628736,289.91224243985
934.7692732169016,292.8955441414193
934.9631470019845,295.88927307962626
937.0165006023511,298.076449110919
939.0698542027178,300.26362514221165
939.6044010988013,303.21561762456787
940.1389479948848,306.1676101069241
943.0856665318468,306.73050429229534
944.272545659557,309.48573893497206
944.4617223123701,312.47976835934827
946.211550985973,314.9165899804435
947.7690528082071,317.4806079354777
947.1006638721921,320.40520298953436
948.974782133556,322.747782922519
950.3912886142035,325.39230733917384
951.0529746405294,328.31842620254304
951.6568232719789,331.2570256700269
952.2606719034284,334.1956251375108
954.5740115302015,336.1057193161316
956.8873511569745,338.0158134947525
955.6375854855053,340.7430989155357
957.3775578775258,343.18696799447724
957.9435096230252,346.1331008193455
958.6318493237969,349.0530645958916
959.3201890245687,351.97302837243774
959.4920219754702,354.9681032357733
959.2956685905982,357.96167056393705
959.1131919282259,360.956115799317
961.4631334599362,362.8209950977015
963.8130749916465,364.6858743960859
964.8045165907292,367.5173128212699
963.7520306190928,370.3266318276322
962.6995446474564,373.13595083399446
964.9138746094413,375.15999204391477
965.4804713508601,378.106000891935
967.7736604714452,380.0402407057198
968.9397448958655,382.8043403991325
969.1853497996078,385.79426986841065
968.934325126432,388.783749189874
969.9888376016486,391.5923081512655
969.3241206384755,394.517739975607
971.5221233658906,396.5595000031999
972.5145540179482,399.39059191284474
972.1701365463864,402.37075576828676
972.9686011619746,405.262546607482
972.085291526736,408.129559702725
971.2019818914973,410.99657279796793
972.2336149128404,413.8136161610127
973.6709043786489,416.44690288893963
975.713105028266,418.6444962331922
977.7553056778831,420.8420895774448
977.8471082389871,423.8406846300944
976.7256617384901,426.623193883722
976.1931468794177,429.57555360517654
977.496386731288,432.27769458752687
975.1592796100588,434.1586332637999
977.2073486298948,436.3507585544683
977.0530897426484,439.3467899621317
979.8114235720093,440.52644859317854
979.5060988591606,443.51087095265177
978.5573757936756,446.35690759068314
977.6086527281907,449.2029442287145
980.5177574916429,449.9358217595881
979.7760198654598,452.8426800798205
978.2965741156456,455.45251537603303
979.742462579697,458.0810903796278
981.1883510437483,460.7096653832226
980.701235044074,463.6698542290332
980.2141190443997,466.6300430748438
980.4754176934861,469.6186419130932
980.7367163425725,472.6072407513426
980.3116717793476,475.5769776284536
980.3142229871039,478.5769765436766
982.2362539066428,480.88040814551255
980.9453624161089,483.58847002805277
982.483834054447,486.1639515399315
981.5783728251384,489.024045937363
980.6729115958299,491.8841403347945
983.3145640654425,493.3059955418356
981.4713920507801,495.6730014405113
980.861217541615,498.61029391290236
980.7509291249305,499.141206514549
