906.1536148282435,499.1636391930485
904.9321262861073,501.9037059333725
903.7106377439711,504.6437726736966
906.6422595520318,505.28063496218857
907.5081326544639,508.1529622016382
908.374005756896,511.02528944108786
909.1885477336673,513.91259291805
907.2905099301037,516.2358347255774
905.6469765055162,518.7455753261702
904.8188239850417,521.6290044310437
903.9906714645672,524.5124335359171
903.8327726325243,527.508275313922
904.3310643002561,530.4666034589845
906.1463380823126,532.8550718167775
903.9666205577516,534.916341210409
903.4450331372464,537.8706510389088
902.4105063568456,540.6866329885373
899.8728388240786,542.2867090783343
899.8228251929871,545.2862921554811
898.0327066774873,547.6936715814264
897.2632094960788,550.5933050216744
894.6221776211905,552.016312623841
893.930511819429,554.9354903194727
893.2388460176674,557.8546680151044
892.345112722604,560.7184488721699
893.4119574761684,563.5223465649883
895.1235810535832,565.9861535235867
894.1346308251573,568.818463083945
895.8502363020756,571.2794990137046
894.5732452597018,573.9941433509424
893.8179883549691,576.8975184572374
892.3021788784645,579.4864027016445
892.9384748316004,582.4181474824913
892.2684248930949,585.3423624335353
891.5983749545895,588.2665773845793
892.1345121904969,591.2182814456723
891.9422049287838,594.2121114203189
891.0565644818417,597.0784053687374
890.78544604353,600.0661293841725
890.2102380593451,603.0104690002715
888.6021152784386,605.5430449856133
888.6248201089164,608.5429590661618
888.1726202332352,611.5086824639914
887.720420357554,614.474405861821
887.0808181696418,617.4054311160994
889.0693703257019,619.6516858484547
887.0417732606682,621.8627602800075
884.9659116161872,624.028585395979
884.3410854134494,626.9627960592362
883.7162592107115,629.8970067224934
881.2869594889386,631.6572631986337
883.2436902808279,633.9312914763981
882.6174267602712,636.8651957016276
882.0445812061248,639.8099958597189
880.3977421985342,642.3175686469133
878.7509031909435,644.8251414341076
877.13457424157,647.3524880125209
875.5182452921965,649.8798345909341
872.5660526353088,650.4132748562101
872.16907472715,653.3868936179941
872.884583304127,656.3003190033905
873.600091881104,659.213744388787
871.4193747795664,661.2739562524216
869.997154443575,663.9154121607972
868.6422352145493,666.5920133419253
866.1314601441796,668.2339660044616
863.62068507381,669.8759186669981
862.8048381765341,666.9889836417152
859.9507484672389,667.9131978654185
860.4518776713094,670.8710466649395
860.9874048377466,673.8228614718012
862.8468636331262,676.1770944654288
864.7063224285058,678.5313274590565
861.7286743499451,678.8968571025105
861.525177787431,681.8899473365403
861.5532735817916,684.8898157713786
860.5189521977665,687.7058731703938
859.4846308137414,690.521930569409
857.414195490088,692.6929435980591
855.7071644645952,695.1599346961389
853.2632879941409,696.8998967064023
851.9426040238135,699.593554786137
849.2518969475332,700.9202406681962
846.5611898712529,702.2469265502555
845.113540076829,704.8745319378098
842.1513887136566,705.3495680434435
841.9380318817633,708.3419715694213
841.2074383933276,711.2516507879358
839.3503289816289,713.6077375081097
839.5616067498809,716.6002885443734
839.0681888126395,719.559433478169
838.5747708753981,722.5185784119647
835.7947792119893,721.390905431275
834.9258386716685,724.2623061935141
834.0568981313479,727.1337069557532
831.0965013126656,727.619557422395
833.375159394781,729.5708947445437
832.150510634741,732.3095505123488
830.1755673887076,734.5677797245739
828.2006241426742,736.8260089367991
829.0092682421478,739.7149697742607
826.1268591752726,740.5466656148153
823.8951874512381,742.5515699307729
821.6635157272037,744.5564742467304
818.8481036970713,745.5925510298819
815.8613060334435,745.3114109997416
812.8745083698157,745.0302709696014
814.2221969888967,747.7105200972012
813.9224122874654,750.6955040389985
811.5268280945963,752.5013767850347
810.1214507190489,755.1518322991491
807.776297055805,757.0227289547059
805.4311433925611,758.8936256102628
806.2647263613942,761.7754894922099
806.1121289260825,764.7716059823912
803.5265647990938,766.2930717707771
802.7726400566324,769.1967930870719
802.018715314171,772.1005144033667
802.8241606890639,774.9903686813648
801.1149648410069,777.4558604280523
798.4062279199147,778.7453348528907
795.6974909988226,780.0348092777289
792.7035373994081,780.2251821869188
790.7097772122193,782.4668155904843
790.39656456841,785.4504204302307
790.0833519246007,788.434025269977
787.1211022052474,788.9084476558223
784.4080160567709,790.1887458831679
781.8744149501368,791.7952530983596
779.3408138435028,793.4017603135512
776.7171645712782,794.8565676878641
774.0935152990536,796.3113750621769
772.0508582421509,798.5085441835432
770.008201185248,800.7057133049094
767.0321178716066,800.3276549625001
766.6648836771324,803.30509329879
764.9601757822849,805.7736902673623
763.2554678874375,808.2422872359347
760.4059643909354,809.1805461679053
757.5564608944334,810.118805099876
754.916193449988,811.5432305355524
753.9510912200772,814.3837547276376
751.7218335066224,816.3913428445087
749.4925757931676,818.3989309613798
746.6249860304981,819.2803666953013
744.2669457800488,821.1349950077296
741.9089055295993,822.9896233201579
738.990957127101,823.6864569590969
737.703577334389,826.3961900214698
735.9298808207885,828.8156942429254
734.156184307188,831.2351984643809
731.2215906990303,831.8582236283671
728.8618020590364,833.7106268173505
726.5020134190427,835.563030006334
723.9016393814285,834.0670170169178
721.7009966752379,836.1059313554055
719.4414237643941,838.0793371070391
717.1818508535504,840.0527428586728
714.238342592047,840.6321901077486
711.3121145840068,839.970986927961
708.3858865759667,839.3097837481736
709.6907288364642,842.0111513046567
708.885992083648,844.9012029925451
707.0244317896211,847.2537746219971
704.4278598726237,848.756377124278
701.8312879556264,850.2589796265588
700.6132310839109,853.0005735894327
697.6906036834,852.3236326187547
695.8851070539403,854.7195002947772
693.2039114520527,853.3736956490657
690.3142490067846,854.1798289832028
689.1967376642002,856.9639210073994
687.3297037125915,859.3121510266992
684.3401985963803,859.5628683179801
681.635041770911,860.8598365325548
679.0415156185568,862.367690005892
677.2417942517483,864.7678989555155
675.4420728849398,867.1681079051391
673.2405055108825,869.2060237761914
670.4624572440083,868.0735716461138
667.6844089771341,866.9411195160362
664.7702874710748,866.2284513969777
664.6567427352672,869.2263018924111
663.1173677837135,871.8012435924363
660.117932822025,871.859466531219
658.4940682918303,874.3819779757076
655.6225738696128,875.2506089578706
652.7510794473952,876.1192399400336
653.1666423711938,879.0903184405724
650.1723041355949,878.9060943085201
647.1773947142127,878.7314015561917
644.1919044535997,879.0261012402514
641.2064141929867,879.3208009243109
638.620223479085,877.8004004536031
637.1163961918683,875.2045376894681
635.327698302285,877.612972836986
634.3022592256361,880.4322767759188
631.7292906205363,881.9749473684857
629.0115639837711,883.2453653815102
626.2938373470059,884.5157833945347
623.3066910326472,884.7931944552603
620.8156728032865,886.4649684175507
618.3246545739257,888.1367423798412
615.3938531066983,887.4961155308117
612.545682684533,888.4384133851562
609.807357162809,887.2130263699339
606.9881765462561,888.238804441084
604.2159318406397,887.0922185122581
603.8257048167154,890.066730719293
600.8947406162172,890.7066126266773
598.2243126777084,892.0736585751488
596.2611984434402,894.3421784677689
594.2980842091719,896.610698360389
591.9952563169072,894.6879441642922
589.6924284246426,892.7651899681954
586.716537318133,892.3856216315327
583.9305357819675,891.2728793251187
581.6529135737383,893.2254256309924
578.7116731366996,893.8162764510212
575.7704326996609,894.40712727105
573.2345083932456,896.0099647276039
570.6985840868304,897.6128021841579
569.3306418733366,900.2827711166628
566.4545754142122,899.4294003164243
563.5538113533479,900.1946243772052
560.7695895032689,899.077436528389
558.1281368688175,900.4996629449448
555.1459504849375,900.8261049333612
552.8816130783223,898.8581679148052
550.617275671707,896.8902308962492
547.9170608216738,895.5830049159154
545.3500584915948,897.1355831063358
543.4093387165793,899.4232908575278
540.4294479195094,899.0765188322181
540.8715318051159,902.0437670250875
537.8787516373926,902.2517739184407
535.5230708384915,904.1093982006056
532.6854076674596,903.135915931754
529.7214690030281,903.599669738734
526.8661601445807,902.6792289080057
524.1082929630471,903.8599780807854
521.3504257815135,905.040727253565
518.3726522380983,904.6762211162556
515.3733051680397,904.6136339503948
512.4248131324707,904.0601046230898
511.19420407817677,901.3241219192904
508.19675897654434,901.2003363680344
505.24680237268643,900.6546661055542
502.46889970700374,899.5218568630102
499.4864435057771,899.8458244659658
497.50510852760124,902.0984477598738
494.5219179732077,902.4155819841022
491.5387274188141,902.7327162083308
488.6726273712201,903.6189839540948
485.806527323626,904.5052516998587
483.8362736393912,902.242929790899
481.01650838577564,903.2670996569381
478.69889290369736,901.362195859569
476.64689077048047,903.5506398833617
473.72393427232095,904.2261584322313
470.7634169705234,904.7112741975466
467.9137815759468,903.773415936413
465.06414618137023,902.8355576752795
462.2548377917696,901.7830433655813
459.445529402169,900.7305290558832
456.7004759936977,901.9407694388816
453.7969500612403,901.186092581182
450.8934241287829,900.4314157234825
448.27843040067535,898.9611069797289
445.2825670020873,899.1185950649942
442.2867036034993,899.2760831502594
439.32134179638683,898.821518135197
436.3254355423314,898.6648474075184
433.9211131711054,900.4590697837089
431.2148603222961,899.1643900865206
428.2696805564853,898.5934994253089
425.3245007906745,898.0226087640972
422.4130320627647,898.7460379910458
419.46000227962156,898.2172515503445
422.0598920357641,899.7141060041592
419.829791857872,897.7074537680791
416.8960537457528,898.3344949864206
414.0576396378623,899.3057855465148
411.21922552997177,900.277076106609
408.22493763372574,900.0920355856558
406.09018382560186,897.9842343192408
404.7976446512323,895.2769584776022
402.34961599739034,893.5428432248094
399.35674244546493,893.3361843218186
399.16798210101916,890.342128622209
396.96306434641457,892.3764190870712
394.0018146117207,891.8957944843141
391.04056487702684,891.4151698815571
388.2433131935941,892.4993207103316
388.0344279979129,889.5066017166696
385.9036409311291,887.3947905328687
382.9057120986545,887.2833332970455
380.13779817354515,886.1263317831373
377.3698842484358,884.969330269229
374.75633300329997,886.44220157693
371.90471196602215,885.5103982394414
369.1228752328182,884.3872845364722
366.5692929318203,882.8127314468527
363.615918809266,882.285871605693
360.6169346078774,882.363934143581
358.4550823822138,880.2839353564675
356.2932301565502,878.203936569354
353.3355755688918,878.706210737616
350.9143419873047,876.9348756638948
349.4515533613257,874.3156678760882
347.23136175194963,872.2980580977476
345.03114473099544,874.3374317909935
342.0448262708369,874.0512464410607
339.49446151018077,872.4714870962225
336.49991145543476,872.290738736284
336.01102293065145,869.3308421147218
334.0166176737154,867.0897826172729
332.0222124167794,864.8487231198241
329.5688494085105,863.1221629703772
326.5688747876329,863.1098230315425
323.7269333588066,862.1489021632498
322.4346613541776,859.441498782508
320.01565182237164,857.667127658692
317.0209609385584,857.4887277976889
314.02627005474517,857.3103279366858
312.79124249842636,854.5763369097925
311.01715256836,852.1571211442939
308.06353186213823,851.631645432412
305.5654868950228,849.9703894791438
302.7795771700691,851.0833616281253
299.78864633471665,851.3164554678931
296.9435630806867,850.3648771591667
295.51885061186033,847.7247645893752
292.7585355986133,848.8997799201871
291.6385306389603,846.1166901102183
290.51852567930723,843.3336003002495
288.06118316538414,841.6127087379289
285.44954832609324,840.1364420051864
284.02782623729826,837.4947178897207
281.0653854112946,837.9679454802381
278.1029445852909,838.4411730707553
276.39179974852954,835.9770335966945
273.8193814574855,834.4334455247329
271.24696316644156,832.8898574527711
268.24729609340415,832.9345503038226
269.34541034251083,830.1427506878206
270.44352459161746,827.3509510718186
268.18490024987665,825.3764597239277
265.190060048202,825.5523351526642
262.1940419894105,825.7068530849415
260.5094265407214,823.2245012182558
257.8644877657082,821.8087685893912
255.21954899069502,820.3930359605266
252.22003762913192,820.3388917839807
249.22052626756883,820.2847476074346
248.05357550777427,817.5210135528963
246.4238891366671,815.0022594299562
244.49629399374396,812.7034821538855
242.9259488854122,810.1473099686174
241.08134532909924,807.7814194977718
239.23674177278627,805.4155290269263
237.95488817149493,802.703177400596
236.47772577120037,800.0920490538547
234.16272152644098,798.1839727066542
231.83370651017773,796.2930234598418
229.5046914939145,794.4020742130294
226.560349256223,793.8268796482552
223.9784947334985,795.3546319918918
221.4649700615848,796.9923724242195
219.2335284154014,794.9872120366998
218.06493590984203,792.2241717626628
216.61931116933707,789.5954517110712
215.29278559269454,786.9046656001896
213.966260016052,784.2138794893079
211.1312770240132,783.2326193633215
209.01765070208887,781.1036328036485
206.90402438016454,778.9746462439754
205.6391969738658,776.2543132437205
203.60316465309842,774.0510038263235
203.24213952884713,771.0728062405916
201.84563067445643,768.4176672574857
200.44912182006576,765.7625282743799
197.905485145856,764.1719584174999
195.36184847164625,762.58138856062
193.3548413303906,760.3516077788056
190.35615736851045,760.4404587594573
188.89011791058581,757.8230691614402
188.22097706169677,754.8986460517743
186.3807908574328,752.5293181441945
184.4200757806579,750.2587243038726
181.98719378272628,748.5034222830966
179.46309622532644,746.8820242688114
177.01945677491545,745.1417293982807
177.41226025761392,742.1675563327077
175.49874445723916,739.857046154908
172.5560495382618,740.4406098736437
169.80764694242234,739.2379947352129
169.2679274588858,736.286943587047
167.87717790545227,733.6287833812609
165.8146582648711,731.4502488434999
163.75213862428993,729.2717143057391
165.73825511047045,727.0233056900017
162.77787834162825,727.5092783090857
161.28571181458685,724.9066951585261
159.79354528754544,722.3041120079664
161.3737163413308,719.7540023160553
161.25923402762078,716.7561874785699
158.84662753697873,714.9731199191904
158.11878134895076,712.0627522574381
156.9432599705281,709.3026527141478
153.943296322878,709.3174213558598
152.77131998883291,706.5558146727062
151.5993436547878,703.7942079895527
152.71567103331995,701.0096410243066
150.05117707274664,699.6310649712474
147.38668311217333,698.2524889181882
146.83138313528474,695.3043298424822
144.79779026785158,693.0987686781693
142.88646282533398,690.7864478943076
142.6560141775651,687.7953120865012
142.42556552979624,684.8041762786949
139.43555416261498,685.0487821333401
137.84890832988546,682.5026959208402
136.26226249715594,679.9566097083404
134.93261787053206,677.2673635004058
134.94848169777168,674.2674054442015
132.05917191751783,673.4600090150977
132.44969674504603,670.4855358921592
131.36061380369023,667.6902007875881
129.9495261281714,665.0427809923915
128.5384384526526,662.3953611971949
130.22514737174774,659.914431326714
127.74155773225388,658.2316412320798
128.02670459695094,655.2452234338551
125.14881880011806,654.398008384185
123.571254112283,651.8462855043065
123.09390394839599,648.8845061706901
122.44921830362769,645.9545948376581
122.12128479272933,642.9725720992421
122.23805597597513,639.9748455455413
122.35482715922092,636.9771189918404
122.4545608391445,633.9787772512963
120.45288642972866,631.7442080403096
118.61645764839587,629.3719666252988
117.68562306588298,626.5200292171501
115.74497710632218,624.2322588485072
113.80433114676137,621.9444884798643
111.02452340334321,620.8163621972025
112.93875182142156,618.5064423796717
113.11413458744717,615.5115732864756
112.96471426735603,612.5152966690813
112.99546593434107,609.5154542840588
113.02621760132612,606.5156118990363
112.18613746201012,603.6356352742133
112.65816799953276,600.6730034760234
111.4188854715817,597.9409385397681
111.78275945403587,594.9630876830439
112.14663343649005,591.9852368263197
109.81740202624498,590.094554135457
107.28986588316073,588.4785216341121
105.3582344971046,586.183134915408
104.59226674293062,583.2825671434769
103.28617652387692,580.5818027443313
102.77090482149222,577.6263848258768
102.48663808403614,574.6398831228845
103.8356685859387,571.9603091446304
103.06262880898028,569.0616181463969
101.35139807976108,566.5975383198945
101.07447800422345,563.6103464492969
102.39809282381401,560.9181273257187
100.89864956903915,558.3197297568871
99.3007042999761,555.7807199268394
97.70275903091307,553.2417100967917
99.06240207794266,550.5675053954526
98.32475779248377,547.6596056536922
97.58711350702485,544.7517059119318
95.90954247370225,542.2645880160215
96.9915998658166,539.4665258651445
98.57934379251739,536.9211242812634
100.33419581164522,534.487917674548
102.08904783077304,532.0547110678327
105.03837252760889,532.6037865022078
105.24947592805279,529.6112231604686
103.16366584807089,527.4549772769373
102.06337143707482,524.6640361795419
100.96307702607876,521.8730950821464
98.14087677508333,520.8556543009305
99.32497417077849,518.0992230288855
98.29120749657946,515.2829619502006
98.92706286285264,512.3511215805383
96.64281714002124,510.40632815250376
94.35857141718984,508.4615347244692
94.73553792185831,505.48531291580673
95.02525345421844,502.49933486660586
95.64377516822,499.5637887693169
95.9092968936816,496.5755621692566
96.1748186191432,493.58733556919634
96.75000664466248,490.64299205403046
94.42000579832265,488.7532576663305
92.09000495198283,486.86352327863057
93.96234047701195,484.5195182270759
95.83467600204105,482.1755131755212
94.38941426942672,479.5465935258855
95.17905461139806,476.6523806570157
96.26670974523441,473.85648968814024
94.2627755329815,471.62394681666785
95.8121732175377,469.05502353733624
97.36157090209392,466.4861002580046
97.090951371576,463.4983310116099
96.82033184105808,460.51056176521513
97.20960840693216,457.53592502180237
99.56361956105204,455.6761853931771
100.97158812480103,453.0271054541238
100.84115987606499,450.0299420498477
99.74879300130411,447.23588861246947
98.87262082748995,444.3666862282111
100.58031684840124,441.90015540534193
100.54959861919859,438.9003126777319
103.35949742723452,437.8493756250983
103.4918523432024,434.85229668449307
103.62420725917028,431.85521774388786
104.99036147208919,429.18433349582995
104.03539161053384,426.3403868431093
104.4041325356973,423.363134732503
104.77287346086077,420.3858826218967
106.30147675588404,417.8045318192269
107.66872914251789,415.1342095706501
108.67880804817395,412.3093661051907
108.61544336014303,409.310035360456
106.8171639957275,406.90874584698264
105.01888463131198,404.50745633350925
105.86737530292773,401.62994637172267
106.73925807465577,398.7594376306867
107.61114084638379,395.88892888965074
107.67782175104092,392.8896700383753
109.52945614020409,390.52927810293994
111.94606085486237,388.7516331290795
112.91020381184558,385.9107831931449
115.40063917137729,384.23814105568863
114.36725273969111,381.42174043027916
114.40724425552618,378.4220069956785
114.44723577136125,375.4222735610778
117.19921555775649,374.22786690701395
118.01801587914348,371.34176815026694
118.83681620053046,368.45566939351994
118.31050201889994,365.5021979813992
118.51037941236734,362.5088638825087
119.83037399315383,359.8148679087377
118.15965177209496,357.3231441559794
120.22681149926552,355.14901199293956
122.29397122643608,352.97487982989975
123.95819022799112,350.47880789286285
125.68856086509129,348.0281309540842
126.30682386121028,345.09253035665444
125.64105760700377,342.16733715025595
124.40153706961308,339.4353801891406
126.31756533410399,337.12695308618237
127.306557464421,334.29465815694726
128.29554959473802,331.46236322771216
131.26805955656664,331.057166328872
133.3425856881999,328.89006196378693
135.91939978640838,327.35382334193355
138.49621388461685,325.81758472008016
137.4718083972213,322.99790505788553
137.23580011617804,320.0072027839574
137.5772392858584,317.02669623415613
138.30324897994612,314.1158699040411
139.84966422909113,311.54515018434944
142.16596519954962,309.63864820054425
142.31986256459408,306.64259820078917
144.53344122687525,304.6177353644732
147.47327444682674,304.0199221504426
149.63194399008063,301.93662049129
150.5115220608148,299.06846038113514
151.391100131549,296.2003002709803
149.45700454716166,293.90698950476184
150.31291919772065,291.0316790674423
151.79660083910235,288.424249531093
153.56411230461757,286.0002232896359
155.33162377013278,283.5761970481789
156.75336073953784,280.9344809412085
158.1750977089429,278.2927648342381
160.89049941015028,277.01738504724125
163.49008855461295,275.5200085815547
164.81419732353567,272.82803236173737
167.66201761673,271.88467687324396
170.50983790992433,270.94132138475055
170.31756510848138,267.94748919676385
170.02270801177576,264.96201447864576
171.392531469776,262.29301022726054
174.3020337021183,261.56171223054844
177.2115359344606,260.83041423383634
177.11210245988323,257.8320625226234
175.15863014910198,255.5552344810245
177.1808263695405,253.33921948873675
179.3493589826014,251.26618637127544
178.9139895193996,248.29794557401667
179.238611124418,245.3155604859445
179.81438176502593,242.37133084656276
179.36087194853872,239.40580747852977
182.3274442361821,239.85240445812812
185.29401652382546,240.29900143772647
187.6191455860375,238.40327602405048
189.98398869402868,236.55732990495963
192.98270483600345,236.46957171525645
195.98142097797822,236.38181352555327
197.9752136675474,234.1402090307727
200.59163696749476,232.67244572713943
203.20806026744214,231.20468242350617
204.05413149100448,228.32646014497038
204.90020271456683,225.4482378664346
204.42873738589645,222.48551606986615
207.35867558297306,221.84095252659716
208.6261477305726,219.12185077141046
210.594883143377,216.85820749687053
212.8237716040143,214.850209431623
214.75678074467268,212.55598283816474
216.73177402410468,210.29779738382348
218.58707419914174,207.94028571672456
220.44237437417877,205.58277404962564
222.76136543910204,203.67954509839407
225.0803565040253,201.7763161471625
226.67842487431707,199.2373837959816
228.4299968850665,196.80181497306583
230.18156889581587,194.36624615015006
233.00080466995092,195.39187261716287
235.82004044408598,196.41749908417566
236.61170331331599,193.5238387894136
239.5428022208581,194.1631033623452
242.31768820882832,193.02292453699954
243.82593495526984,190.42962707009596
246.5457000769116,189.16357901291136
249.01496934670945,187.4598450920094
251.4842386165073,185.75611117110745
250.07860904450035,183.10578939700162
252.7662827658909,181.77296909127895
254.0771797162242,179.07453451071066
256.7762989339968,177.76504779896035
258.34636405922794,175.20870363149524
259.91642918445905,172.65235946403013
260.8580513730677,169.80396559135033
261.7996735616764,166.95557171867054
263.7883134625654,169.20174876970464
266.2976468825102,170.8459038072689
268.40952155439334,168.71517966504433
269.71762571718654,166.01539013634343
272.5184803261021,164.94058156747352
274.94343234618435,163.17434044568435
277.675414546445,161.93487553796848
277.7998831077773,158.93745872056724
280.636929534538,157.96218051799923
283.59633478188886,157.47032628964257
286.07254620768975,155.77669794353673
288.1147224795681,153.57908194555685
290.8427359626684,152.3309063024589
293.57074944576874,151.08273065936098
296.57008482070404,151.01958551970895
299.3448367213141,149.87908041666876
301.4177838320708,147.71046558779636
303.7789113795721,145.85976931222044
306.654172997721,145.00369067844906
309.5294346158699,144.14761204467771
311.90518755920556,142.31572832778082
314.6952183990088,141.21312780494995
317.48524923881206,140.11052728211908
319.9930372173892,138.46401598410017
321.59472568474496,135.9273658202937
323.1964141521008,133.3907156564872
324.7980405938818,130.85402632963067
327.7914043170808,131.05345957820398
330.6425437121346,130.12018354723992
333.14843407476667,128.47078562967488
335.6543244373987,126.82138771210984
338.2960309444026,128.24314251897823
341.2667058525045,127.82470424351358
343.45474669072155,125.7722722007179
344.5226918365334,122.96879343933288
345.5906369823453,120.16531467794788
347.9515257903387,122.0163154981237
350.74667223458425,120.92674844868559
353.58992093864146,119.9697025736738
356.57978749372063,119.7233329675555
359.54839749296053,120.15617782707541
362.40200634256746,119.23047996413892
365.38109338541204,118.87686945643922
368.3601804282566,118.52325894873952
368.5671564592077,115.53040731148589
371.5385826772342,115.11733803058426
373.9963980303734,113.39712185525244
376.9834340163479,113.67571837083278
379.9704700023224,113.95431488641313
381.9373280811413,111.6890402236438
384.0941605199179,109.60383667697482
387.0517071277791,110.10674627355164
390.0284984048328,110.47918914548882
393.00528968188655,110.85163201742601
395.5009370316352,109.18677637632901
397.99658438138385,107.52192073523199
400.67575425557914,108.87175360829607
403.5151099093482,107.90321890504097
406.231481464658,109.17653173914888
409.0732476669734,108.21509279081265
411.3122532332074,106.21838197690565
414.07981433931315,107.37622718416377
417.05936262822,107.0265244617377
420.0389109171269,106.67682173931163
422.86008729452624,105.65654538086555
424.77673643106243,103.34863375183485
424.92490269693184,100.35229485951004
427.30240045168614,102.18191351544306
430.0348742492559,100.94353273975457
432.0640234335529,98.73388263445132
434.64204160250597,97.19966546581196
437.4935154848676,96.26741190684345
440.1843884383578,97.59376131336303
442.875261391848,98.92011071988262
445.87510507389885,98.95073559963384
448.8535077074419,98.5914060120629
451.46306836570164,97.11147588842088
454.3194928431371,98.02844873682353
457.2199145041981,98.79496957023134
460.20354223398607,99.10796409101444
462.9314587518817,97.85957654245739
465.9122389495553,97.52053463773622
468.7864791042753,96.66103272791003
471.66071925899536,95.80153081808383
474.65460338352307,95.99299321361103
477.3808206163182,97.24508729937725
480.3792907349842,97.1492909139171
483.37776085365016,97.05349452845695
486.3213233565738,97.63266617087548
489.2648858594975,98.21183781329403
491.95261173454054,96.87912268220859
494.5579762937277,95.39181790048713
497.55726969101255,95.32670939871214
500.4827514122459,95.99120672656957
503.1826847618992,94.68339943670242
505.8826181115526,93.37559214683526
508.5747735155382,92.0518477301177
510.7676069916275,94.09915848966111
511.9226383390018,96.86789513054674
513.0776696863761,99.63663177143238
516.0317474174476,100.15953210494465
517.5326747493689,97.56199150963307
520.5326697527695,97.56746686999976
523.5095893168744,97.9388829558781
526.4865088809794,98.31029904175642
527.2114846984041,95.39921504019458
530.1899883145618,95.04072346632472
531.9613482635702,97.46193884936041
534.8530969407876,96.66332155189447
537.818285870981,96.2076301999256
538.1128184657211,99.19313694931266
540.9515576166648,100.16347711281179
543.7902967676084,101.13381727631091
546.7723810424594,101.46119072924584
549.5255367070127,102.65288443433018
552.4602945241397,103.27513563345482
555.26585021413,102.21265868294567
558.0714059041202,101.15018173243654
561.0222527822175,100.6093465431014
563.9768832740697,101.12911443035216
566.8164072443508,100.16107330405694
569.5210916936455,98.86312028882745
570.839117298051,101.55808012268986
573.5775943108873,102.78312855037224
576.1328432666076,104.35497548130762
579.1050649117343,103.94766909510636
582.077286556861,103.54036270890509
583.745113355519,101.04669998718869
586.6876441748964,100.46230938406896
589.2661755422147,101.9956638726838
592.0124470415067,103.20313762071163
594.7587185407987,104.41061136873944
597.389622596649,105.85225759750377
599.9720480893167,107.37904460780356
602.7233213171761,108.57507789566147
605.4736290465671,109.77332970294243
608.2239367759581,110.9715815102234
611.1777010713283,110.4469135319778
613.7848658310083,108.96276666731694
614.2428696626471,111.92759929163222
614.1923076585723,114.92717317532703
616.4858424835245,116.86100305583146
619.3202592275951,117.84389761830113
621.9762408593406,119.23880319640695
623.8163478316134,121.60819263898344
626.6203229486712,120.54155139520901
629.424298065729,119.47491015143459
632.0891457765216,120.85280226560151
634.670079448951,122.38210974891537
637.46336971797,121.28779285102685
640.0167153556268,122.86272969250926
642.9954405751699,123.2193752679175
645.7683520823721,124.36434765763953
648.5412635895742,125.50932004736153
651.4834667794829,124.92328217376365
653.9204925927103,126.67282645318717
656.4281809489369,128.3194894751943
659.1051024808095,129.67377567544779
662.0289662747712,130.3453562844294
665.028799519186,130.31372551296073
667.1691801844879,132.4158127156242
669.3095608497899,134.51789991828767
671.620378518908,136.43104437182276
674.5935612487303,136.8312748742656
676.5521854592023,134.55887719732766
676.1343631957723,137.5296388094706
678.8769991316467,138.74534770688405
681.4671519942658,140.2589884001352
684.0504015743743,141.7843806798028
686.63521735449,143.3071174866295
689.5257779249199,144.11002444803646
692.4163384953498,144.91293140944342
695.0055750847418,146.42813894775412
697.9940291875093,146.69108775579886
699.9579113945938,148.9589428386243
701.3769364367096,151.60211667510353
703.6637604727983,153.54387768716617
705.0968858494836,156.17943297110557
707.2849802930485,158.2318078652319
710.2543532892062,158.65938710898672
713.0617710987576,159.7169339129691
715.9647221839608,160.47381897486267
718.8493671385598,161.2977264247056
721.7989101959346,161.84562765001206
722.0822719814056,164.83221535147584
724.7219162700173,166.25779524387033
727.721657939824,166.2184262913154
730.1280807697252,168.0098305348434
732.5345035996264,169.80123477837137
734.3270091398356,172.20683738236056
736.1195146800446,174.61243998634978
735.5821353844203,177.56391817407783
738.5658138784509,177.87642840472546
741.5494923724814,178.1889386353731
744.4887115126971,178.7897637728212
747.4622165170213,178.39193467727944
748.2191607302088,181.29487033935015
749.3152392758541,184.08746981327695
751.1100944202605,186.49131985240123
753.9014792660292,185.3921516929223
755.3683882675047,188.0090540566704
757.9472726643156,189.54181472549158
760.5261570611266,191.07457539431275
762.7755297119481,189.0895507905015
761.5741421226296,191.83849019693292
763.1609825791946,194.38445511527107
764.7478230357597,196.93042003360918
767.3722358256975,195.47699046599666
769.9314309088329,197.04240431749267
769.7464063822116,200.03669320211094
772.5485775075762,201.10806474558845
775.0595567091278,202.7497052206544
777.5705359106796,204.3913456957203
777.5560627037482,207.39131078323067
777.541589496817,210.39127587074103
777.6330279593493,213.38988204821243
780.6208839317227,213.6595423685278
783.4641296129345,212.70248751311433
784.3109369440914,215.5804933060027
785.557742490176,218.309133247485
786.7377543627327,221.06731597903584
787.9177662352894,223.8254987105867
790.3819296800464,222.11438839341736
792.8423207383632,223.8309185679714
793.7560352093415,226.68838700445937
795.280232117502,229.27234207085542
797.5437854337549,231.24118091252842
799.730009357776,233.2955482005366
802.7179730162519,233.56401267793947
805.7059366747278,233.83247715534233
808.5914047001068,234.6534974197183
806.3438675076555,236.64059997584084
806.4148916228702,239.6397591205109
804.7765407650114,242.15288595108538
807.7521846741773,241.77138454106972
810.7278285833432,241.38988313105406
812.6878461789569,243.6610790770008
814.9901251086019,245.58449055926678
817.758941883417,246.73932979807984
819.1124254881363,249.41665722141752
820.4659090928557,252.09398464475518
823.4659028856797,252.0878819390506
824.7263003158037,254.8102702871995
823.990849414286,257.718725542392
825.4622711379037,260.3330931736302
826.9336928615214,262.94746080486834
828.1509398015195,265.68941446732606
829.3681867415175,268.4313681297838
831.08467628786,270.891787532507
833.606140200365,272.5172781470402
833.8230234662548,275.5094281514646
836.2768282341185,277.23536041004525
838.772119769927,278.90074929896053
840.902760525686,281.01270809825064
840.3036835787005,283.95228405603615
842.0255965283307,286.4089109698951
842.955037777119,289.26130276715065
843.1408556770052,292.2555425217598
844.8417883935687,294.72674220890053
846.5427211101321,297.19794189604124
848.464033518446,299.5019728484504
850.9781302324924,301.138835002824
853.492226946539,302.7756971571976
852.7768207016104,305.6891476724316
854.6980149817193,307.9932771258427
856.6126301543752,310.3028763855923
858.5272453270311,312.6124756453419
859.8967035248586,315.281667329055
860.3907737199097,318.24070342926774
860.8848439149607,321.1997395294805
862.7523997962912,323.5475544774923
864.6199556776218,325.89536942550416
863.0709240452179,328.4645134467323
861.521892412814,331.0336574679605
862.9873009512106,333.6514003536531
864.1069041941424,336.43465179368087
866.9447585013213,337.40757672975076
869.8309506968429,338.2260476275292
871.3237912739005,340.828244201866
872.3398170732881,343.6509541719087
873.6829133818283,346.3335074902951
876.5877467292141,347.08313621434115
877.4221313437658,349.96476809836093
877.5250968439559,352.96300059531154
879.3600302290339,355.3363988914949
881.1949636141119,357.7097971876783
880.7894585449826,360.68226512508494
880.7404682650606,363.6818650904925
882.4709230566536,366.13248260741614
881.2209624169151,368.8596786764776
879.911174719679,371.5586518494026
881.0833792315958,374.3201616868361
883.0867234385745,376.55323400728724
882.0511090101323,379.36881614169613
883.9348176336209,381.7036912607967
885.6915192605662,384.1355628433207
887.4482208875115,386.5674344258447
886.5440820637235,389.42794713990827
888.2376442737075,391.9042037988421
889.5655406999023,394.59431366301106
890.893437126097,397.28442352718
893.2578695656578,399.13089563331994
893.2589822051445,402.13089542699214
893.1783618903182,405.12981195881446
894.1234611828779,407.97705401512144
895.5630840015341,410.6090658198071
897.0027068201903,413.24107762449273
899.131117855623,415.3552834953218
898.9654632039563,418.3507064264588
899.5272205120872,421.29764190704907
900.088977820218,424.2445773876393
901.215055265964,427.0252157291325
902.34113271171,429.80585407062574
901.1652566051424,432.5658025089129
900.9746165220048,435.5597391078911
899.8264582585304,438.33133298182275
900.2200533612207,441.305401389768
901.0088856885167,444.1998345915215
903.2429814858773,446.20203737051656
903.7996880823597,449.1499311551419
902.2837607324668,451.7387463802684
900.7678333825739,454.3275616053949
900.0583247559563,457.24245397197643
899.3488161293385,460.1573463385579
902.0265846840659,461.5099569873823
901.2874878232079,464.4174878694659
900.54839096235,467.3250187515495
900.1830395594577,470.3026887051214
902.8807991626633,471.6149741631344
904.816999968074,473.9065078070346
905.9727889043286,476.6749282835575
904.1412117041884,479.05091754277703
902.3096345040483,481.42690680199655
901.9981674451694,484.41069437339524
904.0046894670619,486.64091171160703
904.988998932174,489.4748374122722
903.9044015348077,492.27191597492043
906.3795676413458,493.96707164477635
907.2572671827027,496.8358071702478
908.1349667240595,499.7045426957193
906.1536148282435,499.1636391930485
