839.8738281265945,494.2621542994143
842.6629241548504,495.36711735090825
842.6509230400382,498.36709334635276
841.4384574316416,501.11116461883375
838.9530152655839,502.7912173677623
836.5212220792071,504.5480275164952
836.636753163327,507.5458021191967
835.1847429200008,510.17100044566195
833.0212566176683,512.2492995145209
830.2090555165921,513.2940602369381
827.3968544155159,514.3388209593552
828.1713173100807,517.2371320580716
830.5158132412496,519.1088528782615
832.202737998884,521.5896359929412
834.3729358088113,523.660925800232
836.3372793577166,525.9283812952472
839.322856052497,526.2222040302158
836.7832202099275,527.8191541819541
834.2435843673582,529.4161043336924
834.937661948081,532.3347095334304
835.7558235374679,535.2209894252032
836.5739851268548,538.107269316976
837.3147620670562,541.0143726045917
837.8736470252776,543.9618541742498
838.432531983499,546.9093357439078
836.6723312231634,549.3386758360551
833.7793843213067,550.1329416750773
830.88643741945,550.9272075140995
829.5941119573107,553.6345853783635
830.3929495734125,556.5262732009164
828.4254956230965,558.7910303520003
828.0952872199006,561.7728020418617
825.9313433012104,563.8506246321624
827.6164674141778,566.3326312243969
828.9870610622663,569.0012400477016
826.2101842727516,570.1365617183546
828.912369788021,571.4397092315197
830.8573579423643,573.7237891511951
829.2610036758856,576.2637995952475
829.3586654667871,579.2622095362992
828.2813618301445,582.0621054048052
827.204058193502,584.8620012733111
826.5614679846774,587.7923728919839
824.4374095013055,589.9109515568476
824.5603367860348,592.9084319792473
822.4929106255058,595.0823107869918
820.4254844649769,597.2561895947363
819.1592865805253,599.9758849669076
818.453953061183,602.8917904225924
816.9179220283721,605.4687282693869
816.7641004449141,608.4647821608352
816.394278501629,611.4419001850769
816.0244565583439,614.4190182093186
815.0849652209456,617.2681156149812
815.7688152644407,620.1891341219427
816.4526653079358,623.1101526289043
816.6400535873953,626.1042945147743
813.8558006653966,624.9871841055748
812.6910051203065,627.7518271816587
813.0223117390024,630.7334770478247
812.913210995299,633.7314925627485
812.8041102515956,636.7295080776722
809.8236947456506,636.3872750986615
809.146487728823,639.3098408646212
808.4692807119953,642.2324066305808
805.767163771337,643.5356963293841
803.709504737108,645.7188223676274
801.651845702879,647.9019484058707
800.0015672490715,650.4072589704314
798.3512887952642,652.912569534992
795.6390440422534,654.1946492516109
792.6561001321408,654.5140950672376
792.8401554959407,657.5084436813867
794.2720745479409,660.1446545660693
794.3939115381094,663.142179503051
794.5157485282779,666.1397044400327
794.6660428356764,669.1359373450592
793.9445422938977,672.047884626212
791.0321114527393,672.7674307299949
789.4575438683651,675.3210040933894
789.8558014175782,678.2944517429194
790.2540589667913,681.2678993924493
787.3999556588976,682.1920716209169
784.4146425011386,681.8955832567087
781.9294613434354,683.5760220724342
779.4442801857322,685.2564608881596
776.9423258747242,686.9118232731463
774.4403715637163,688.5671856581331
774.5731263035343,691.5642469152741
773.0996013503128,694.1774296896383
770.2058676719374,694.9688242806204
769.5849517966392,697.9038649065408
769.4393089591907,700.900327515001
767.4801309884492,703.1722477774578
766.4325447059925,705.9833975388203
765.3849584235359,708.7945473001829
764.7803121656564,711.732982751717
763.0247229542327,714.1656575184569
761.2691337428092,716.5983322851969
758.3246483071558,717.1727933536993
756.7909498793725,719.7511201624291
758.3806229666998,722.2953173787288
757.5535415599733,725.1790539039071
756.7264601532469,728.0627904290853
754.9452284052151,730.4767526201322
752.076459887816,731.3543443210842
749.2690585046046,732.4119347302419
746.4993221143159,733.5645666438685
743.7295857240272,734.7171985574952
744.684047021744,737.561315930453
741.6844750550707,737.6119915335307
738.6866702307387,737.7267357499933
735.6888654064068,737.8414799664558
735.5548957180326,740.838487160741
735.971361424154,743.8094392498238
736.2638315618444,746.795148749852
734.0847001842689,748.8570377961553
734.8887230498493,751.7472881714037
732.4663473155072,753.5170609821538
730.043971581165,755.2868337929038
727.1985847438694,756.2375039492383
724.4956519691473,754.9359070779558
721.7927191944251,753.6343102066733
720.1624371934549,756.1526788447628
720.746252423853,759.0953238754716
719.4399386362937,761.795980145424
717.1778258547017,763.7664739321074
717.4111633156102,766.7573857712188
714.4361019737656,766.3713676210468
711.6067524406669,767.3687548174526
708.7774029075682,768.3661420138583
705.9053669487193,767.4993032450672
703.452354774569,769.2263618061676
700.9993426004187,770.953420367268
698.7209135935638,772.9050251583878
696.930035730276,775.3118397500807
695.0480169717957,777.6480771936485
692.4881097107761,779.2123261556042
689.5006950168171,778.9378203335941
686.5738873670408,778.2791876732964
685.215457138092,780.9540086604053
684.2987690459289,783.8105245349781
681.5333927048797,784.9735781418101
678.7627041417919,786.123919346138
678.3126249069444,789.0899653138126
676.205682467234,791.2255667643991
673.3761346316719,792.2223912455719
670.6484810166759,793.4713531171273
667.9208274016798,794.7203149886827
668.1138573597514,797.7140984536793
666.8110636096221,795.0117423622983
664.8217238549352,792.7661851173317
662.8368885889498,795.0157248406754
660.7569630786576,797.1776475663147
658.6261313463019,799.2894136822438
655.6263712192045,799.3273502065543
653.7581725645282,801.6746537205178
651.8899739098517,804.0219572344812
649.712788960808,801.9580130255314
648.416593821206,804.6635403604648
645.5985329523063,803.6346900607729
642.9221507409394,804.990041771097
640.1657303608475,803.8059190206127
637.2156701389692,804.3510288144076
634.809878061579,806.1432800468988
632.4040859841887,807.93553127939
629.4135560140375,808.1737129277749
626.9635505318122,809.9050341391815
624.5135450495869,811.6363553505879
622.022117999942,813.3075199912794
619.5306909502971,814.9786846319709
616.6202607888649,815.7062808630125
613.7098306274328,816.4338770940541
613.8185412642481,819.4319067799383
611.070743763209,818.2279097312364
608.1627389876052,818.9651398344372
606.6813398947309,821.5738668664646
604.6584726778837,823.7892693633047
601.6898951026723,824.2223365404863
598.9990031123211,825.5486473246783
596.8573801892828,827.6494688914747
593.87201646448,827.3534901242782
590.8866527396772,827.0575113570817
588.0026787013854,827.8837641915452
585.6188453343199,829.7051204109775
582.9134052985133,828.4087430690531
579.9135625713745,828.4394613442681
576.9790995578917,829.0631013225419
574.4850603399312,830.7303650627089
571.9910211219709,832.3976288028758
569.237390842601,833.5882254115294
567.430074503673,831.1937301304641
564.7526079120553,832.546938411096
562.0644971765525,833.8788771010044
559.0841469536524,833.5360760670803
556.0950035523564,833.2810824858111
553.2020460239826,834.075309618957
550.6137454442022,835.5921155092108
548.2756098330262,833.712455469802
545.8908464522879,831.8923171184975
542.8927322136069,831.7859638777455
540.5241743169787,833.6271410800593
538.1556164203504,835.468318282373
535.1713291191991,835.1616763019018
533.2680970155295,837.4806647795708
531.3648649118599,839.7996532572397
528.4413234115403,839.126671016828
525.5177819112208,838.4536887764164
523.3680913927301,836.3611232040362
520.4458181642489,837.0395914627647
517.5235449357676,837.7180597214933
514.7698346313334,838.9084712298605
512.6392113755564,836.7964947759335
510.34847826902563,838.7336426367442
507.8284474661585,837.1059311289515
505.3084166632913,835.4782196211588
502.3086390577943,835.4416913094177
499.3364910413252,835.8495346227115
496.6984611771847,837.2780997895496
494.08649177598477,838.7537744986896
491.4745223747849,840.2294492078296
489.05276228022814,838.4588340479452
486.87697618077493,840.5242528552155
484.6017995131515,838.5688574652492
482.32662284552805,836.6134620752828
480.24034174780456,838.7692522277052
477.29173103854606,839.3221490401813
474.3009280496671,839.0874205124887
471.545986277178,837.8998617433348
469.72594124333654,835.5150271421959
466.7338184376645,835.7322853198957
464.6085978662514,833.6148723883109
461.71643502942095,832.8177562579654
458.8242721925905,832.0206401276198
456.41539560161306,830.2325367834474
453.67607106231213,829.0093846799117
451.6409875711742,831.21357051239
449.6059040800363,833.4177563448683
446.6147364665383,833.1877208955111
443.6777675893435,833.799451076546
440.78929767475574,832.9890551532336
437.79393735009023,832.8222722841505
435.13023721959445,831.4421630077535
432.1560400113864,831.8347836474138
429.3825013687887,830.691331244374
426.86248335445913,829.0635999374765
423.8693847453777,828.8602265952834
420.882400165557,829.1393737247922
419.2146151823872,826.6456830362919
417.51608918512267,824.1728285244743
415.8175631878582,821.6999740126568
412.8228020574738,821.8771907498427
409.8705881376188,822.4105133271021
406.91837421776387,822.9438359043614
403.92197568117547,822.79688077539
401.0084448360678,822.0818017485643
398.0949139909601,821.3667227217386
395.18181841672634,822.0835728981211
392.9832800221717,820.0423896805561
390.78474162761705,818.001206462991
387.7874948857163,817.8727075596288
385.0680949016748,816.6058753975824
382.07278141161555,816.438253512767
379.0774679215563,816.2706316279516
376.5765560728977,814.6136947174934
374.02762566599563,813.0316220956553
371.47869525909357,811.4495494738171
369.0691307851172,809.6623731966271
366.14037883427335,809.0124408844372
365.0947109437526,806.2005769718813
362.4835486776499,804.7234745312628
359.654369642957,803.7256038033354
356.7470634493786,804.4655840035979
353.75259696336724,804.2834563995533
350.7581304773559,804.1013287955087
347.76862655254,804.352060292354
344.7764672505229,804.1353053354273
342.23336436622407,802.5438821610733
339.3506679846526,803.3745816083314
336.5580227163549,802.2786197451926
334.46792366204204,800.1265310055817
332.9872142223903,797.517412465667
331.5065047827386,794.9082939257523
328.6486826333183,793.9956863637178
325.71603612147777,793.3635594487794
324.420381968758,790.6577729981259
322.5198049737319,788.3366079703915
322.53141991463605,785.3366304549511
322.5430348555402,782.3366529395107
319.92921516405806,783.8090477983784
317.0097419254306,783.1186305267678
315.38886547678266,780.5941980087118
312.90673497322166,778.9092564182429
310.4246044696607,777.2243148277738
310.86089430259176,780.1924204831845
308.69585330900975,778.115741043283
306.152771769103,776.524283760983
303.3188321460298,775.540014380795
300.4848925229566,774.555745000607
300.12250881285246,771.5777124207565
298.0691645749156,769.3905275999123
296.44905552851566,766.8656025163161
294.2104069477288,764.868491469894
292.0018257263301,762.8381789352125
289.10491875209465,762.0584802866141
287.2704613100064,759.6847141032745
284.34874015518494,759.0038723496571
281.8930810525137,757.2805794635034
279.01032068561847,756.4501020905076
276.80687065721685,754.4142219436578
275.16646326260656,751.9024370046736
272.293665049017,751.0381277868605
269.58302334093446,749.7526622951403
266.72624414663846,748.8367951459111
263.7276037913094,748.9271058285127
260.81836373726304,748.1947655333408
261.9688992551569,745.4241576538196
263.1194347730507,742.6535497742984
260.3178601047235,741.5806194980049
259.9291600240322,738.6059073695342
259.540459943341,735.6311952410634
256.541371593074,735.5572420985144
254.880706979265,733.0588039783196
252.1686608874901,731.7763040773104
249.45661479571515,730.4938041763014
247.22397070482987,728.4899827362935
246.549955831319,725.5666791341533
246.7512433034332,722.5734395257074
244.90073814416243,720.2121621901298
242.19962562355394,718.9067920698145
240.07610806230215,716.7876712221384
237.43887813544566,715.3576298545926
234.80164820858917,713.9275884870467
235.83002589435398,711.1093551156913
236.8584035801188,708.2911217443359
236.13582284796382,705.3794423173525
235.0082523969205,702.5994090661244
233.03849765543484,700.3366527251998
231.06874291394917,698.0738963842751
228.08321809207283,698.3682457310728
226.03656586997676,696.1747976049961
223.07290587435693,696.6403289469729
220.1092458787371,697.1058602889497
219.8202545054772,694.1198120666027
217.08733596532136,692.8824130796658
218.1636806853253,690.0821484415075
216.19599775464903,687.8175902319829
215.7314499207271,684.85377591425
215.2669020868052,681.8899615965172
213.0852695209812,679.8307191756895
215.18414608231657,677.6871900342321
213.5542240740828,675.1685883890577
211.92430206584902,672.6499867438833
208.92477795174278,672.5965537120104
209.11229222822547,669.6024197143217
209.42871761352993,666.6191538905081
208.82180698656066,663.6811852911402
206.0992976095807,662.4210493094873
203.12436210852525,662.0340625337961
202.51575360750084,659.0964451842285
201.90714510647643,656.1588278346609
201.2784741288261,653.2254385318474
198.47395595664003,652.1602259606308
197.85221100770195,649.2253608498514
197.2304660587639,646.2904957390721
194.31484592251485,645.5839837284883
192.60164796609044,643.1212712478882
191.3850702371355,640.3790205975262
191.1539811128446,637.3879342034822
190.45557816314374,634.4703610133379
191.2774636568145,631.585139317299
191.73471147567162,628.6201900037103
191.9761190411769,625.6299187137907
189.06344031988246,624.9113766715144
187.1334040179169,622.614648591594
184.65000623089549,620.9315753812383
182.16660844387408,619.2485021708826
182.10440004002334,616.2491472211492
180.36517356074165,613.8047472428794
180.63008376358206,610.8164663684584
180.89499396642248,607.8281854940373
179.7338609495575,605.0620021817555
178.0528071095721,602.5772370043051
178.55358734589916,599.619329102611
177.0769734687447,597.0078905224804
174.42168330756041,595.6116691360527
172.26156304285524,593.5298717294806
171.24221662814594,590.7083592119079
170.22287021343664,587.8868466943352
168.14653597764118,585.7214746382525
168.46454524258547,582.7383772366563
168.78255450752974,579.7552798350602
169.02919425432842,576.7654355522757
169.2758340011271,573.7755912694912
170.8154594800958,571.2007993585768
172.3550849590645,568.6260074476623
170.75029008723192,566.0913213883367
169.98488881517636,563.1906040817493
169.01053131373877,560.3532413168931
168.03617381230117,557.515878552037
165.30927572574063,556.2652679709557
165.88086274801816,553.3202232724896
165.7043076197943,550.3254230643458
164.5758384856777,547.5457544845784
164.7934024215979,544.55365389573
164.34630598235398,541.5871568412877
165.173752068774,538.7035249344611
164.7083874582036,535.7398387534986
164.24302284763314,532.776152572536
161.42375143694514,531.7506240683601
159.02246469202078,529.9523410070345
158.4354586551302,527.010330824752
157.05514381442998,524.3467372107518
155.67482897372977,521.6831435967516
158.5727501915517,520.907223101277
159.158078094389,517.9648785860716
159.74340599722626,515.0225340708661
158.533771719362,512.2772135224026
158.69997242845795,509.2818208395818
160.94822383417994,507.29552639598364
161.88479503730673,504.445467733171
160.1520532381662,501.9964667414376
160.56887395376654,499.02556443892973
161.42843673454328,496.1513424875308
161.47498717782517,493.1517036665675
161.5215376211071,490.1520648456042
160.60243756609947,487.29632412052337
161.40591420660218,484.4059218495295
160.6705321914417,481.4974491761529
159.93515017628124,478.5889765027763
159.95354600301997,475.58903290438
159.97194182975866,472.58908930598375
160.12531620742237,469.5930124878303
161.5854679638316,466.9723337879026
162.4284158290173,464.09319521941046
162.28232146979042,461.0967545912314
163.93853212508094,458.59536172618556
164.73144676761683,455.70204418923043
165.52436141015272,452.8087266522753
168.51876534714984,452.9918797633496
167.57589110362815,450.14390010034225
166.86086876097787,447.230355343605
169.3602189459622,445.5710637318566
168.43715066446168,442.71660319653864
167.5140823829612,439.8621426612207
165.79848573602126,437.4011005760445
165.42826232952498,434.42403244963515
165.8661022335258,431.4561550568737
167.69172157364613,429.0755849518403
169.60270922569794,426.7629833446227
171.51369687774974,424.45038173740505
171.59995555762504,421.45162208712526
172.56793108981552,418.61207575556443
173.75014005885254,415.85483402631246
171.84833373213928,413.53467612313574
169.9215474460244,411.23522083815203
168.74133094879187,408.47712565856517
167.56111445155935,405.7190304789783
169.62293625979206,403.53983548286254
171.68475806802476,401.3606404867468
174.5183908558547,400.3754881006993
175.5513543856728,397.55893234125375
177.81366747211337,395.58866852670513
178.38617244843329,392.6438021371912
178.9586774247532,389.69893574767724
178.48526187684544,386.7365249525647
180.8112959438187,384.8419100789611
183.133806362392,382.94297739041775
185.45631678096532,381.04404470187444
187.63719967404083,378.9840083413481
189.81808256711636,376.92397198082176
192.5866888684532,375.76862824487216
190.04274509993007,374.17854959820323
190.87209856218573,371.2954656877621
191.70145202444138,368.41238177732095
192.31622126642065,365.47604753559773
192.93099050839993,362.5397132938745
190.6165343513649,360.6309721649724
192.44440461056766,358.2521299433187
193.19036906336035,355.34635344895963
193.94459296672912,352.4427098235147
196.42722587674396,350.7585085783806
198.9098587867588,349.0743073332465
201.65127859990451,347.85585856202465
204.39269841305023,346.63740979080274
206.15143768121933,344.20701143115053
207.91017694938844,341.77661307149833
208.99456625454872,338.97945382775583
211.41782637530332,337.2108921558992
212.76047310970284,334.5281137925963
214.10311984410234,331.84533542929336
213.47884177963448,328.91100809611726
214.60811696899052,326.1316668887976
215.93331680789305,323.4402276108326
215.04294473613064,320.57539994170037
214.15257266436822,317.71057227256813
217.0001654159805,318.6546143907838
219.49145888564473,316.9832506218788
220.656001958434,314.21850118809306
222.01503145456903,311.5439846282948
223.37406095070406,308.8694680684966
224.6489568890811,306.15383916411554
224.38695275238226,303.1653020918421
225.36950679170548,300.33076728700905
226.3520608310287,297.4962324821761
227.67900148218973,294.80565103789746
229.00594213335077,292.11506959361884
230.93070376935728,289.8139193063587
233.87946534636166,290.3660109309851
235.91259475386798,288.1600225329347
237.04514628402958,285.38201478788994
239.58053856186294,283.77833589312854
241.96328059669216,281.9555521990337
242.6156515749021,279.02734248885423
244.68749947621836,276.8576774746616
247.5279613519648,275.892391852459
249.41075356488406,273.55677769704494
251.96896768519682,271.9897612597883
252.87554816586058,269.1300214408398
255.40858788047436,267.5226292036465
257.1008315629275,265.04547129200716
258.79307524538063,262.5683133803678
261.29710652204926,260.91609445859456
263.8022321224614,259.26553524240154
265.8795711767142,257.10112713539485
268.2358701208767,255.24428700072016
271.1192262186847,254.415880329312
273.2813752427546,252.33619006446162
275.88028749089153,250.83763905549202
278.6887501353496,249.78287008804764
280.7853411564255,247.637105401428
283.393152738708,246.1540953706753
284.7156687148493,243.46133628511805
285.36520328172725,240.53249609718858
288.3563188980019,240.3017855207558
290.1520134677206,237.8985624740365
292.3201195924462,235.82508331283728
294.48822571717176,233.75160415163808
295.46426451234294,230.91481930425877
297.42328149127087,228.64276022134035
300.2339611218003,227.59391322843481
303.0446407523297,226.54506623552928
303.14005814332904,223.54658403256477
305.87828106620856,222.3209677693661
308.53708252558204,220.9314445419123
310.7991235665398,218.9608684005204
313.06116460749746,216.99029225912852
315.44948235756567,215.17482033020502
318.3782410028335,215.8247224749692
320.7421413406905,213.97756920772812
321.9778615875377,211.2438911960501
323.21358183438485,208.51021318437205
325.7823391027179,206.96054028456834
328.7018334693462,207.6508682089824
330.98471503635164,205.70447365724658
332.9819375258747,203.46592450046148
334.9791600153978,201.22737534367639
337.60671373590196,202.67511891415586
340.43926462342847,201.68686010717627
343.43015658588246,201.92045220663192
346.42104854833644,202.15404430608757
346.8989196350507,199.19234897663813
349.8494697363815,198.64989704371058
352.3246316747492,200.34505879966662
355.20114669509917,199.49320121902252
357.0128687283808,197.1020376373908
358.8245907616624,194.71087405575906
361.70864000826236,193.88488377543706
363.099419771984,191.22673937589394
363.8786205945493,188.32969845831727
366.7077804301269,187.33177329842073
369.53694026570446,186.3338481385242
372.40118222187,187.226102595807
375.2654241780355,188.1183570530898
377.70683659496416,186.3749393147188
380.3731891667798,184.9999615102536
382.23737725523597,182.6494716100715
384.10156534369213,180.29898170988935
386.1096949636396,178.07021177346934
388.1178245835871,175.84144183704936
391.113889849436,175.99504171586935
393.1340349594509,178.21292668459137
395.9763403504861,179.1727704552605
398.8186457415213,180.13261422592961
400.50380045105516,182.61460004477223
401.8836346471524,185.2784426811306
402.84925904511607,182.4380959554548
403.81488344307974,179.597749229779
406.81463272439174,179.55896457729645
409.2736002413701,177.84039576853576
411.3982040806567,175.72236401096256
414.2520043716124,176.64747151787262
417.0538847087953,175.57533972741604
419.8557650459782,174.50320793695943
422.6950204944798,173.53437952173107
425.5342759429814,172.56555110650274
427.1053234134042,170.00981053952844
429.91095789897076,168.94754167836396
432.7165923845373,167.88527281719945
435.5696299119075,168.81273002236716
437.93863155183953,166.9721238097298
440.2076766439947,165.00961664547117
442.47672173614995,163.04710948121257
444.02631292260185,165.61591604358168
447.02609513757443,165.57976825341163
450.0240801339792,165.6897044227627
453.0015084834429,166.05701957873936
455.9713607937777,165.63278231635084
458.5934228627652,164.17511620013042
461.5648766027368,163.76224494754803
464.3887922479089,162.74957499689665
467.212707893081,161.73690504624528
470.0140911979869,162.81033486649196
472.7173862536164,164.11117914703024
474.07157714842026,166.78814889292394
476.8749805348963,165.7200059002985
479.6783839213723,164.6518629076731
482.6743165141942,164.80802916288718
485.67024910701605,164.96419541810127
488.08727642220697,163.18712508814218
490.6898321206766,161.69491068117406
493.4754850656682,160.58129599464206
496.2879839878987,161.62525471626478
499.18223309805416,160.83574721891938
502.0764822082096,160.04623972157398
504.97073131836504,159.2567322242286
506.73021415819863,161.686592330558
509.370604154968,160.2623940771677
512.3637039591716,160.465749829671
515.3568037633753,160.66910558217432
518.3561171077488,160.60492254498075
521.2868513266499,161.24585697077057
523.1798964892287,163.57316872737672
526.0057888329654,162.56602799162536
528.9925979708514,162.28500988928923
531.9794071087374,162.00399178695307
534.4756783475434,163.66791182779332
537.4679726082745,163.88279565034725
540.1532788875732,165.2203793622543
543.1487153792633,165.3857886251484
546.0429633849818,166.17530017122897
549.0429282477545,166.18981988641843
552.0428178780444,166.21555325151823
555.0427075083343,166.24128661661803
558.0148441484013,165.83336040665895
560.2155262070551,167.87223227039124
562.4162082657089,169.91110413412352
564.9879967784844,168.36646700989152
567.9725271619345,168.06220003786981
570.9610987958192,168.32380964996372
572.489584385541,170.9052301507758
575.3593470224395,170.03089474152983
577.6677974651163,171.9468948860249
580.5988881578896,172.58619712341977
583.5299788506629,173.22549936081464
585.0976656038549,175.7833027629287
588.0893921646572,175.56065464281426
590.6501082123893,177.1235792484453
593.3850950718698,178.35639994849424
596.1200819313503,179.58922064854318
599.0840056274839,180.05307011065136
602.0479293236174,180.51691957275958
604.0817644604776,182.72225733284816
607.0693831250715,182.9945342414735
609.7784024381036,181.70565319125257
612.4874217511358,180.41677214103163
614.2359307020341,182.8545408849096
615.9844396529325,185.29230962878756
618.5406714503745,186.8625576976436
621.4408579785013,187.62996769371574
624.2101209361357,188.7837365923579
626.9068690864364,190.0980993329474
629.603617236737,191.4124620735369
631.1199595648877,194.0010342560071
634.1053989116868,194.29624927355087
636.3055540945817,192.25680886716953
639.2423214070526,191.64411175406875
641.7351741761244,189.97507458500058
644.5108086370095,191.11343012680067
647.2864430978947,192.25178566860072
650.1729983806677,193.06897512001058
653.1682177778563,192.89968022137296
653.8776272449575,195.8145967224047
655.7463341901915,198.16149560238102
657.6150411354255,200.50839448235737
656.2810478635124,203.1954862095767
658.8320329694043,204.77424362904233
661.4714486775907,206.2002466863247
664.3982135505427,206.85906940789297
665.3091390788569,209.71742814707625
668.1161449745392,210.77606779379482
669.5195234362577,213.42758224655282
672.4247147856927,214.17582233046207
675.3647910554117,214.77243906525507
678.0081484996668,216.1911220537697
680.7969147252362,217.29691721523648
683.7088518308238,216.57537560652523
685.2371199630115,219.15692485380671
686.863303090145,221.67794219548176
688.4894862172786,224.19895953715678
691.1063992695956,225.6658494705236
694.0757640042674,225.23821285786352
697.0756184571239,225.26776385914843
700.0754729099805,225.29731486043332
702.5850454591822,226.94110487752593
701.7899066607207,229.83381196452615
703.5356471835904,232.27356400660145
705.4437720835266,234.58852823229554
707.3518969834628,236.90349245798964
710.3501553519013,236.80128308421092
713.1030516529037,237.9935758150148
715.2368594556928,240.10233475352737
717.3706672584817,242.21109369203995
720.1129237782369,243.4276581908892
722.3844704696455,245.3872692820883
724.7646528073158,247.21339415170775
727.144835144986,249.0395190213272
729.2603270434422,251.16665183983343
731.9498796658171,252.4956765542298
734.9496988260471,252.52861598223285
737.9317872461212,252.85595167362624
739.5775423281835,255.3642359896211
742.3873539050584,256.4154062434144
745.1971654819333,257.46657649720765
743.7855485596178,260.1137141333408
742.3739316373025,262.760851769474
744.9905093914966,264.2283397102272
745.2422497933626,267.2177588461244
746.5512415803811,269.91711812223383
749.1798755073223,271.36289946051886
751.8085094342636,272.8086807988039
753.7342656060633,275.1089988565461
756.579397561858,276.060431541562
758.6489434005398,278.2322924997254
759.29148802718,281.16267411357296
759.9340326538202,284.0930557274205
761.4108201022933,286.7043961556359
763.1764291101772,289.12980845693215
764.9420381180611,291.5552207582284
766.4138320922877,294.16937884400477
769.0196413466595,295.6559043667694
769.8162687155249,298.54820186792216
772.2067528035872,300.3608203674198
773.830981703163,302.88309721221356
775.4552106027389,305.4053740570073
776.3762695854862,308.2604835733482
777.271191094183,311.12389334026454
780.2679821372304,311.26261408244227
782.1745544270412,313.578857183614
784.081126716852,315.8951002847857
786.1795252879525,318.0390973549338
788.1209456947015,320.3262105581353
790.5742154716042,322.05290317749046
792.7353161958861,324.13368275724144
793.1746348017365,327.1013416262076
793.9337639446055,330.00370668671377
793.8176846649708,333.0014601123376
795.5622199904509,335.44207407160116
797.306755315931,337.8826880308647
799.2727844244935,340.1486821933208
800.5444605884869,342.86582034474606
801.8161367524804,345.5829584961714
802.2404523692555,348.55279961268934
802.5835245734006,351.53311863298615
802.9265967775458,354.51343765328295
803.9855054982652,357.32034205514356
804.4210416567969,360.2885583974292
805.8140067628788,362.9455582493747
808.2048689676593,364.75767797989795
810.59573117244,366.5697977104212
812.1980777915379,369.1060321854383
813.3708109351306,371.8673175698054
814.0984954519934,374.7777256587026
816.9097617194852,375.82499924915663
817.9555440045126,378.63682061836255
818.4211415918362,381.6004702074129
817.2943385741107,384.3808146032108
816.1675355563852,387.1611589990087
819.1631836949965,387.32268989275576
821.2368281294857,389.4906379454803
821.574635565574,392.4715582959968
821.0388901099825,395.42333349184304
822.1900885416316,398.19366599372233
822.0355432367788,401.1896826406634
824.1182553256929,403.34892101441733
826.2009674146068,405.5081593881713
824.7409630717762,408.12892021642625
825.9059725984307,410.89347312834605
828.1827100469545,412.8470510230022
828.9179095522994,415.75556983630577
830.6272336988799,418.2209726354274
831.3655120430451,421.12871146251223
833.5933888436199,423.13783190724934
835.8212656441947,425.14695235198644
835.7331374864816,428.1456576439113
833.9876182210927,430.5855679894273
834.9825732557821,433.4157737202791
834.3259861512497,436.3430409397454
834.4972772179973,439.33814684278997
833.829239325733,442.2628221024554
833.1612014334688,445.18749736212084
832.4154671961126,448.09333294715225
833.6758727734668,450.8157175233233
833.5053854078832,453.8108692821122
834.3775913536949,456.681279843006
835.2497972995066,459.55169040389984
835.5016891543123,462.54109678200945
836.7204788268439,465.2823650531078
837.9392684993753,468.0236333242062
836.1996078810993,470.4677243481288
833.6776266259177,472.0924121792252
836.6172833761649,472.69109255365373
837.2016593741549,475.6336262735919
837.7860353721451,478.57615999353004
837.726589781765,481.5755709726698
837.667144191385,484.5749819518096
837.9713259153095,487.55952102490454
838.2755076392342,490.5440600979995
839.2555923917025,493.3794496440723
838.9590870643342,496.3647611170751
841.2178884406667,494.3904722977078
839.8738281265945,494.2621542994143
