881.0423329905888,499.36346569956413
878.1862516908106,500.2815068800446
876.1115989869635,502.4484900729696
874.0720913251004,504.6485829112839
873.2460586549892,507.53262001713205
871.3555624089087,509.86200275587544
869.4650661628282,512.1913854946189
868.0321222119074,514.8270394236315
866.5991782609868,517.4626933526441
867.585181329231,520.2960302456756
864.6891230714224,521.0788754202655
865.2496885410621,524.0260378444029
867.224560127436,526.2843297248589
869.7332534095657,527.9294613354595
871.0074785799295,530.6454050416528
871.8177988904752,533.5338961692689
870.4487905541096,536.2033186114764
869.0797822177439,538.872741053684
869.7979544276067,541.7855109857213
868.6743743595879,544.567159387434
870.4345475687296,546.9965194418145
870.5905146061185,549.9924624124412
871.2713329570064,552.9141890206464
871.2429783477787,555.914055020343
872.8242831214822,558.4634618557976
869.9328587377461,559.2632524741073
867.04143435401,560.063043092417
865.5034545159631,562.6388183189772
863.9654746779162,565.2145935455375
864.8477804363117,568.081915736834
866.5240736503704,570.5698950495496
864.5401936514204,572.8202772725878
864.5530074112136,575.8202499070562
865.267675626901,578.733881548408
864.920304297183,581.7137025429125
864.5729329674649,584.693523537417
865.2841551114672,587.6079982863007
867.4220452190351,589.7126184154363
866.0260408451119,592.3680226761821
866.0702323436035,595.3676971771007
864.8669403240151,598.1158034915644
862.1397811291989,599.3658445813409
862.6717462824921,602.3183033999668
860.764546738564,604.6340300461063
858.0151618545651,605.8343978062691
855.2657769705662,607.0347655664318
854.0971134818784,609.7977758179886
855.2910442718076,612.5499620887304
853.7982208448483,615.1521685017425
853.5651131976167,618.1430982609983
854.0989465817212,621.0952198570739
853.760586453196,624.0760775228179
851.6575779908663,626.2155530210113
849.5545695285367,628.3550285192047
849.39219806093,631.3506312142407
849.2298265933234,634.3462339092767
848.7887924398856,637.3136383096747
846.992839510335,639.7166682876065
846.7832656442426,642.7093391339662
844.6719793814952,644.8406463189431
842.5606931187478,646.97195350392
843.9443808056739,649.6337965468226
844.8177640608133,652.5038491055125
842.8425660548174,654.7618554910459
840.8673680488215,657.0198618765794
839.0452711909816,659.4031291802299
837.9727686819152,662.204867634841
834.9956912245832,662.5750160011014
833.4402534400281,665.1402866102923
831.884815655473,667.7055572194831
829.7551473224694,669.8184965918746
828.0591958426552,672.2931174877122
826.363244362841,674.7677383835497
827.8150444609267,677.3930529314083
828.573224171954,680.295666155003
826.2023803615211,682.1338989004768
824.8441409194617,684.8088167717457
823.4859014774021,687.4837346430146
823.6193555742611,690.4807648403986
823.7528096711203,693.4777950377826
821.6242394230615,695.5918406141784
818.8456558599033,696.7229787059018
816.0670722967453,697.8541167976254
813.2009424618005,698.7402882083802
810.3348126268558,699.6264596191352
810.5887566011296,702.6156923731927
810.1418501042449,705.5822180486323
809.6949436073602,708.5487437240719
806.9123846939947,709.6700670020118
804.7280415385097,711.7264339388901
802.5436983830248,713.7828008757684
800.5832067036994,716.0535876062422
798.6227150243739,718.3243743367159
797.6583562800362,721.1651510284358
795.2167952236875,722.9083605993485
794.2236261057393,725.7391935338669
793.1990376462921,728.5588067145652
791.0862292590264,730.688604995788
792.0533108127391,733.5284559194225
789.4154911142892,734.9574091161612
787.8174452362866,737.49635562442
786.6730861680767,740.2695203009232
783.6752679404807,740.3839138072643
783.5586778480965,743.3816474095642
783.1752289662336,746.3570409894118
782.7917800843708,749.3324345692594
781.3263082682104,751.9501420311503
780.7184114499346,754.8879067355354
777.7185743690445,754.9191715418942
774.7977304809158,755.6037670291576
771.8768865927871,756.2883625164209
771.2133450265277,759.21406116629
768.4193254635637,760.3065146809872
765.9274292317315,761.9769796371537
766.6510512456634,764.888400455406
765.3108130135404,767.5723828475159
763.6496834882413,770.0705118874534
760.7072490496449,770.6553875790001
757.7648146110486,771.2402632705468
757.1916932265303,774.1850097585502
754.5226454606309,775.5547484282779
753.0279698734957,778.1558914249665
751.6368661748305,780.8138663118983
749.4227304310159,782.8381199787993
746.4494940551702,783.2379517601125
744.0053739770805,784.9775715587692
742.8354412375708,787.7400446147507
739.8815536548399,787.2160711911989
741.9470164264854,789.3918155555364
739.335856670501,790.8689224334322
736.4908215784743,791.8206447275584
733.4928765190776,791.7096248156537
731.0092813583109,793.3924067615444
728.5256861975441,795.0751887074352
725.991741651737,796.6811541612276
723.45779710593,798.2871196150201
721.1577496968703,800.2131990308484
719.3828560312292,802.6318251854384
716.7746659510777,804.1141694456559
714.1664758709263,805.5965137058732
711.2545609692983,806.3181449175571
708.3426460676702,807.039776129241
708.8918892026093,809.9890696003494
706.8334105822796,812.1714228645221
704.9759603531771,814.5272409063936
703.6729819843139,817.2295079861387
700.685680488605,817.5052429562382
698.8094215215282,819.8461086697006
695.9855736677598,818.8332496969074
693.7391415726585,820.8216014872348
690.9081499986631,821.8143183189484
688.0771584246678,822.807035150662
686.4559644774079,825.3312637824163
684.5207375541486,827.6236199404974
681.6449024734086,828.4777701546783
679.2451928890823,826.6773829988441
676.845483304756,824.87699584301
674.8121257533041,827.0827739524203
672.7787682018522,829.2885520618305
671.439554097685,831.9730456049778
668.6023722330958,832.9479297351422
665.7651903685066,833.9228138653066
662.8316820929349,834.5509294574964
659.833514700309,834.6557735598335
657.4511466885983,836.4790460728653
654.6109269488693,835.5130482312252
651.6264176246536,835.8175217007915
648.641908300438,836.1219951703578
647.6656413159048,838.9587014954662
645.3551129606215,840.8721953468886
642.3551278773851,840.8627348839353
641.403768101106,843.7078912198997
638.5887307151729,844.744985485528
635.6732952515595,845.4522591648805
634.0285086332849,847.9611786495083
631.0315687588874,847.8257113499641
629.0724328072806,850.0976678467135
626.0758631506786,849.9542443718832
625.0952207094904,852.7894410850832
622.270344497081,853.7994284040948
619.4979259383513,852.6532629120253
616.7465189445944,853.8489884468809
613.9951119508376,855.0447139817364
611.7385414235114,857.0215522288378
609.4248585832718,858.9312306611349
607.1111757430322,860.8409090934321
604.5413368298456,862.3887876288062
601.971497916659,863.9366661641805
599.3743358446278,862.4350839414559
597.0742567359197,864.3611255021924
594.7741776272115,866.2871670629289
591.8741466251136,867.0551645804187
588.967070853459,866.3142796650243
586.0182088367026,866.8658345635895
583.0224106830057,867.0245589231122
580.9017307031671,864.9025984090799
578.3609320196109,866.4976977945852
575.8201333360547,868.0927971800904
573.3618503359404,866.3732493641375
570.364405728666,866.2494518426676
567.4304605362064,866.8755234101761
564.6518819551087,868.0066737400019
561.873303374011,869.1378240698277
558.8813819652349,869.3578383505167
555.910147512808,869.7722847628678
553.2659188731667,868.3552262244506
550.6216902335256,866.9381676860332
547.7314385141877,867.7421857199508
545.3631893066819,869.5837599625888
542.3975742828992,870.0366700317134
539.4002903516999,870.1642985386168
536.7987303154024,871.658248128643
535.7125062674147,874.4546953957255
533.1084696984645,875.9443240566911
530.2157949446309,876.7395804735366
527.4959316149337,875.4737434114435
524.7760682852365,874.2079063493504
522.0405130008849,872.976347464743
519.0636917559815,873.3485507370176
516.0637301630079,873.3333704641848
513.3316469868558,874.5726127805164
510.82133977259616,872.9299449230249
507.971230048381,873.8663607280679
505.1211203241659,874.8027765331109
502.1226606556595,874.7066536100351
499.4166148220986,873.4115412802862
496.7105689885377,872.1164289505373
493.94534485536275,873.2798443936645
491.0130045242121,873.9133901160138
488.2432306095486,875.06593185567
485.3567114244957,874.2486149071601
482.5209253021635,873.2696782042074
479.6851391798313,872.2907415012546
476.9821856342266,873.5922952382563
474.39347074326963,875.1083939201823
471.6150751355071,873.9767942353266
468.83667952774454,872.8451945504708
465.9967941525792,871.8782141701518
464.0872174801474,869.5644473426378
461.75773467076965,871.4548202796038
458.88443212721063,870.5921891341093
456.2252060385488,871.9808995464632
453.56999689500793,870.5845240940662
451.35439217831765,868.5618783664659
448.96958544838475,866.7417968131099
446.0038288395113,866.2898148035966
443.55749120006976,868.026314775912
440.65433874746293,867.2702024582481
437.6571359883836,867.1406817225838
434.6599332293042,867.0111609869194
431.870610588761,865.906770110937
429.0362523038274,864.9237069834481
426.2067094630769,865.920545642589
423.5823024882409,867.3739857103016
420.76881516810033,868.415277743983
417.89942344342455,869.2908296444219
416.6245825020277,866.5751749214982
414.05980358758734,865.0189265094373
411.26395441415497,863.9311639437009
408.56662775059175,862.6179888335078
406.0950315203124,860.9176323783876
404.17360006966453,858.6137006996129
401.19599973512203,858.979619061727
398.3693851514473,859.9847309934826
395.9038102100645,858.2756551588792
393.1335691653774,859.4270736554873
390.2993106428638,858.443722941063
387.4650521203502,857.4603722266387
385.0293412487373,855.7089977521455
382.48864803030125,854.1137303859045
379.71155195085436,852.9789452231885
376.93445587140747,851.8441600604723
374.6349286459371,849.9174596324553
372.2617383332154,848.082257262251
370.1267581476457,850.189829231894
367.1346608451512,849.972220104317
364.14755152890257,849.6944109381961
361.1830882164598,850.154799110482
359.8690634498403,847.4578862619253
357.79707075836785,845.2883595194111
355.7250780668954,843.1188327768969
352.9289942788253,842.031673427909
350.1931053657445,840.8008558722651
348.1972484292341,838.5610891234755
345.42829047434776,837.4065884331026
342.947985750676,835.7189603704858
340.1042837119301,836.6746583954039
337.2605816731842,837.6303564203221
334.5658933671777,836.3117757692158
331.8712050611711,834.9931951181097
328.9037745782641,835.4340537452392
325.9286125960338,835.0488120295705
322.9534506138035,834.6635703139017
320.0573478934169,833.8808896427662
317.67768349166056,832.0540898904633
316.73872825622874,829.2048157608199
313.74855379700085,828.9622117555333
310.75837933777296,828.7196077502467
311.6373988985292,825.8512764214411
311.5806634774711,822.8518129540861
309.06458595471014,821.2179972057666
308.4947273018197,818.2726175841004
306.0861345543368,816.4841319183002
303.6775418068539,814.6956462525001
300.6834821298099,814.5069490074253
298.1711115378292,812.8674387120777
295.6587409458485,811.2279284167302
294.06185240191616,813.7676029979034
291.1786780538208,814.5966420069283
289.6685371465862,812.0044470990757
288.1583962393515,809.4122521912233
286.6200803984152,806.8366776196908
284.0041443917096,805.3680460086933
281.38820838500396,803.8994143976959
281.04246929588777,800.9194035785448
279.6199550175495,798.278105956556
277.89522064050664,795.8234590718399
275.32842092378877,794.2705459338129
272.77630820227074,792.6936119920557
270.2241954807527,791.1166780502986
267.3592470230971,790.2266947161979
264.421326591294,789.6195509635381
261.4231026426385,789.7227650793782
260.2361436362301,786.9675648476153
259.0491846298217,784.2123646158525
256.4593398532697,782.6981968466254
253.52215938401295,782.0874834187258
250.58497891475622,781.4767699908264
247.70960150971945,780.6210803399576
246.1715109015356,778.0453712568086
244.6334202933518,775.4696621736595
241.66260647989392,775.0522112355029
238.69179266643604,774.6347602973464
237.64115545671467,771.8247493625724
236.47192453763276,769.0619791843161
235.30269361855088,766.2992090060596
234.49444429271583,763.4101376972673
232.31641731009333,761.3470820841128
230.23194741715403,759.1895405977377
228.64498859353986,756.6436494586367
225.83649024672462,755.5889755583547
223.02799189990938,754.5343016580726
221.41675514154875,752.0037056593982
224.3707358146914,751.4802573021557
223.370566030035,748.6518902110835
220.74150777445934,747.2068806302192
218.6994992893795,745.0091087251158
215.8865159413155,743.966456010395
213.0196118949792,744.850119514847
213.5370502356421,741.8950801642441
211.2639600611679,739.9372596773994
210.2343603534144,737.1194725240123
208.57265279342673,734.6217279443805
208.31049879390295,731.6332040143218
208.04834479437918,728.6446800842631
206.54545910196933,726.0482720663372
203.55283978791624,726.2585805092403
200.88688835130583,724.8828251030599
199.6578625493204,722.1461308238146
199.42571877940392,719.1551260979593
199.19357500948746,716.164121372104
196.37961384144356,715.1241105333427
194.2497769178503,717.2368799667876
191.31583064667592,716.6108134544569
188.3818843755015,715.9847469421263
188.1047772822243,712.9975724144405
187.40000987688273,710.0815300786079
184.5533777391354,709.1345953013692
183.16569663819016,706.4748319355641
182.63821101726413,703.5215695158465
185.07665125215996,701.7739971365612
185.1084102628836,698.7741652470651
185.14016927360723,695.7743333575689
182.61938090263934,694.1477953196513
180.09859253167144,692.5212572817337
177.29549461199926,691.4523129180134
177.34835874579386,688.4527787236161
176.95550308313244,685.4786125499945
176.56264742047105,682.5044463763729
174.52272542882653,680.3047376983874
172.95382372805193,677.7476793390013
171.5290389477842,675.1076057926929
170.10425416751644,672.4675322463845
169.52548717175335,669.5238901545847
167.55178727811992,667.2645741674171
167.1752524798274,664.2882977108904
164.4404358204602,663.0550994950113
161.68061851502358,661.8789156485772
159.9302904908947,659.442452677804
157.06921817565683,658.5400862295251
155.70402613342975,655.8687100508786
156.41699559711822,652.9546622571992
156.63812082129553,649.9628227502683
157.84687809782633,647.2171159475608
159.05563537435717,644.4714091448534
156.82946302418367,642.4604002768165
154.19757600574053,641.0205493393405
154.19956896038613,638.0205500013186
154.0150782243127,635.0262281802208
153.8305874882393,632.0319063591229
150.98458507163042,631.0830806403229
148.0612774909784,631.7570782581988
147.2411600374411,628.871353503063
148.13915819723408,626.0089071184108
147.78784464799082,623.0295483299936
147.85745523675772,620.0303560444055
146.76134722356687,617.2377681364931
146.18215709744263,614.2942092704603
145.89305562825152,611.3081717053062
145.6039541590604,608.3221341401521
144.01297636009735,605.7787526030628
141.42118207031257,604.2679242344389
138.8293877805278,602.7570958658148
136.03291822328265,601.6709292048456
134.70133332880528,598.9826431953593
134.54826587391182,595.9865506810579
135.54402177226683,593.1566266200819
136.53977767062182,590.3267025591058
134.36781867895778,588.2572596054273
135.32573170665103,585.4143029347453
137.11418124622654,583.0056833623777
136.85175668226927,580.0171831786347
134.9767086094671,577.6753474190903
135.78703354364606,574.786857588565
135.06720125251147,571.8744974678657
134.97894813252543,568.87579585103
134.89069501253937,565.8770942341944
133.30652237613737,563.3294684653509
131.77312451091564,560.750962892944
130.66589139738494,557.9627672699108
129.55865828385421,555.1745716468777
130.3759275895578,552.2880389722047
131.19319689526137,549.4015062975318
130.364076698753,546.5183552956344
128.2008308841267,544.4398059107262
129.26191430295736,541.6337228794739
130.322997721788,538.8276398482215
130.36948274917103,535.828000012803
128.635669626337,533.3797573665181
127.81937118122923,530.4929499866407
124.9490213048907,529.6205443542635
123.73153814337091,526.8786955707935
123.95802728138392,523.8872573430572
124.18451641939693,520.8958191153208
123.1146520306225,518.0930722145764
124.774189219141,515.5938850827425
123.17907696922087,513.0530944754404
122.85374751830815,510.0707865187785
124.84729686402933,507.8289656057315
123.84550669657395,505.00117203823237
122.84371652911857,502.1733784707332
122.83165740554804,499.173402707908
121.78009833838084,496.36373661951626
123.97647652444229,494.32022912900067
125.76641057608138,491.9127125473791
127.55634462772046,489.50519596575754
124.94442376698284,488.02943534247083
123.74505348990297,485.27961517772235
124.15497954673984,482.3077537024974
125.4253557741244,479.59000753316957
126.69573200150894,476.87226136384174
125.35078667817766,474.19063460434495
126.70976802117106,471.516093576543
128.06874936416446,468.8415525487411
128.61515163900307,465.89173144330925
131.25870626352176,464.4734159117064
129.67019341333256,461.92849412021974
127.4219193994761,459.94222526666096
125.17364538561964,457.9559564131022
124.37632102175255,455.063850976092
127.2552132367409,455.9076398208153
127.97685154543633,452.9957266779789
129.9781307919811,450.7608035523772
130.54346463839033,447.81455209635646
130.34557664394288,444.82108582100716
131.58465476767594,442.0889281748809
132.29189823692982,439.1734853825768
132.9991417061837,436.25804259027274
133.0534554014119,433.25853429348297
131.90630110072837,430.4865247317348
130.75914680004482,427.7145151699866
131.0923092201979,424.7330720962725
131.92938255300496,421.8522200980777
134.04513566778547,419.7253470982734
136.16088878256596,417.59847409846907
136.88282418194657,414.68663459754856
137.6047595813272,411.77479509662805
138.46044379411478,408.89941607326676
138.52865512470544,405.900191637787
136.05763925929136,404.1989918867666
134.8978698792999,401.43223656957025
135.45221748319238,398.4838982690934
136.16263282127125,395.5692267528806
137.6330149096513,392.95427426494297
139.46112269054572,390.5756145706123
141.28923047144013,388.1969548762816
143.15800083187509,385.850106491754
145.02677119231004,383.5032581072264
145.52907145287344,380.54560795072746
146.0313717134368,377.58795779422854
146.55838732756425,374.63461146464476
148.95146770054257,372.8254220526522
150.92382917259033,370.5649375418489
152.68024241456786,368.1328576658156
153.88033612938682,365.38335315124357
156.5063949123881,363.932899681386
156.79151286073022,360.94647912233324
157.60270990463667,358.0582340918766
159.8484217252612,356.0690688351151
160.65412444921046,353.17928629647645
160.17572480819834,350.2176762979318
159.69732516718622,347.25606629938716
160.29379859046892,344.3159609517308
157.860746732689,342.5608943839467
160.00827304822573,340.4661078258274
157.81515284269383,338.4191042195561
160.35848655295996,336.8280499658539
163.35078295925396,337.0429039089875
165.87127854142867,335.4159122002693
168.39177412360334,333.78892049155104
171.15463515436534,332.6199042706641
170.6217254555357,329.6676157934158
173.3592743110861,328.44049466513434
174.94774579528047,325.8955470539051
176.53621727947484,323.35059944267584
179.18045676444038,321.93356114179994
179.70898623214669,318.9804853551385
180.23751569985296,316.0274095684771
181.47614968823146,313.29505054323283
181.6058775653672,310.29785674270977
181.31525153472023,307.31196717504145
182.15816638018484,304.4328189393135
183.54140095199404,301.77074040565753
184.92463552380323,299.10866187200156
187.51195301580526,297.5901796707294
189.33974907272872,295.2112804348863
191.16754512965218,292.8323811990432
192.502884941173,290.14595837532994
191.80967115296932,287.22714789092976
191.99403534758764,284.23281827585015
194.75358244129237,283.0560006019406
197.09910482377384,281.1855662263801
195.81231060044558,278.4755550406451
196.06098658528967,275.4858794303887
198.0797772465782,273.2667615277314
200.90034269047896,272.2447974497556
202.96039438570176,270.06392904175624
204.45845183181515,267.4647322642605
206.04624229282595,264.91935970765445
209.00415232283873,264.4185920426143
207.77674778073182,261.6811702464683
206.5493432386249,258.9437484503223
209.42708027649306,259.79146865232406
210.95854017786604,257.21181158781206
213.68662461528507,255.96379103417038
216.36355476022814,254.6095218588972
215.7252337588318,251.67821732009944
215.08691275743544,248.74691278130166
217.72362471696724,250.17790895266688
220.36033667649903,251.60890512403213
222.90895098400705,250.02632333734135
225.45756529151507,248.44374155065054
227.5982276183322,246.34194117893446
228.14748056238292,243.39264953458127
230.69870501889932,241.81427892776148
232.6498937333514,239.53549359329162
234.1942390345684,236.96352983176445
235.58126781436894,234.30342623152535
238.43098447687078,233.36581493495336
241.1561658489623,232.11146789796345
243.88134722105383,230.85712086097354
246.44498166383423,229.2989878615829
248.87845307626864,227.54450306972393
249.1299571092808,224.55506403850444
249.0589270391775,221.55590503486007
251.9810143392656,220.87663644978952
254.3643375078751,219.05461266455254
257.05269022031126,217.7231624426001
259.23165227491023,215.6610944600598
260.58457395112356,212.98348303604172
261.9374956273369,210.30587161202365
264.5337980742732,211.80893967569628
267.41611800422146,210.97693497533513
270.3666388368564,210.4343238658034
271.13594072061187,207.5346386050121
268.8843318970051,205.55215084831443
271.0008183545755,203.42600760880276
273.60801402514255,201.94191504586195
275.64634205885716,199.74072926838357
273.8277585079619,197.3547800089874
276.59763338197376,196.20248092354228
279.59354816827573,196.35898840968053
282.5894629545777,196.51549589581876
283.5484389495763,193.67289760534285
284.50741494457486,190.83029931486695
286.0031473617975,188.22976388229364
288.9559663234762,188.7597263145007
291.9087852851549,189.28968874670778
293.50840457963517,186.75173324813684
296.050851264266,185.15926194358852
298.7860166084761,183.92683728470183
300.4290548822549,181.41677249850648
302.2910365106303,179.06453432697865
305.03779777569764,177.8581751131763
307.784559040765,176.65181589937393
310.4115451411654,175.20304261541852
313.41098782878277,175.14521905881057
314.0838507234372,172.22165008835728
316.8732077279124,171.11734600813983
319.52743339211406,169.71910206536973
322.1816590563157,168.32085812259965
325.07712098146044,169.10590604472748
327.94194063399414,169.99630390998578
330.6984732865836,168.81244254343642
333.455005939173,167.62858117688705
336.1165834474462,166.24438279245862
338.93218329925156,165.20881653455257
341.7477831510569,164.1732502766465
343.2330635409506,161.5667311105176
345.57221887931115,159.68834022919947
347.9113742176718,157.80994934788134
349.08720042939234,155.04997965242617
351.9899923686204,154.29248446593814
354.70025440822366,153.00621867820786
355.79816699213615,150.21433974851075
358.4045614220252,151.69983901671765
361.0109558519143,153.1853382849245
363.9763900648558,153.6394307080234
366.86363649932645,152.82468656006253
369.863549163807,152.84757772623976
370.582487041946,149.93499668404075
372.69051661243014,147.80046832162327
374.16398332932135,145.18725270973553
375.63745004621256,142.5740370978478
378.5149302638512,141.72544556059444
381.3924104814899,140.87685402334108
383.74439535077664,142.7391556032809
386.4478430220225,144.03968268444282
389.1512906932683,145.34020976560475
392.12143338828986,144.91801032078013
395.0915760833114,144.49581087595547
397.06819702985575,142.23905000389078
399.98265299530686,141.52775089279447
402.897108960758,140.81645178169813
405.4487074206281,139.2386858612941
408.4421182704466,139.03996121715318
411.3416380153834,138.27003573457606
414.17027905386936,137.27064098004058
417.1300016196375,136.7806998267549
420.0142444231081,135.95538567406643
422.8984872265787,135.130071521378
425.52837671236495,133.68657531682774
428.4225061355586,132.89662919094013
430.86624586659985,131.15647513829697
433.60721264737197,132.37594268878928
436.16237568997286,130.80395610305564
439.11495687953874,130.27267056869414
442.11464282552276,130.22926290271405
445.09428676520866,130.57814969336823
448.07393070489456,130.9270364840224
450.9297024206654,130.00803272592165
453.87251146674447,129.42504480296319
456.8153205128235,128.84205688000472
458.9948239223411,126.78056109104436
461.8849514358887,125.97609670063609
464.02106451206055,128.08252042956804
466.58911776124916,129.63335972147803
469.56828487333286,129.9862950105595
472.54745198541656,130.33923029964097
475.5127612960544,130.79413764432172
477.7519724881147,128.79765743221046
480.7512485028328,128.86356181398023
483.75052451755096,128.92946619574997
486.61956949108844,129.8061536770221
489.5697061127221,129.2614575106173
492.51984273435573,128.7167613442125
492.201732677285,125.7336746891536
495.07718426739365,126.58911501608576
497.6088286712471,124.97952605848285
500.14047307510066,123.36993710087994
502.7578425125393,124.8360125518586
505.3752119499779,126.30208800283727
508.3708448491298,126.46390127027436
511.2959896322103,127.12988024743285
514.2950805672402,127.20372849332712
516.9549202944205,125.81619376377478
519.0769921602106,123.69562520878249
520.174264404416,126.48775586870805
523.1737512579973,126.54324113876417
526.1732381115786,126.5987264088203
529.1422751550763,127.02863225239392
531.0141309466758,129.37302042320852
534.0121738189092,129.48136679486169
536.9578655428179,130.04960993621597
539.9035572667266,130.61785307757023
542.5167109963144,129.14427661686602
545.2772258939442,130.3188222736899
547.5032433736064,128.30764197838113
550.0384355413854,129.91163720045387
551.6673799727942,132.43087121883775
554.6267938622104,132.9226734464963
557.5862077516267,133.4144756741549
560.4575965151496,134.28345586306278
563.3289852786725,135.15243605197065
566.1491557151778,134.1293824321339
569.1479847552084,134.04557080603854
572.1421216543353,133.85810286401255
575.1377557710315,133.69631213842683
578.1333898877277,133.53452141284112
581.111477813894,133.17259282316857
583.9052697038728,134.26562844723972
586.3993314682708,135.93285845997585
589.3293012000637,136.5772786418272
592.2592709318566,137.22169882367854
592.5024578274509,140.21182593365415
592.7456447230453,143.20195304362977
595.3948215752596,141.79416683624876
598.1978020325217,142.8634191713907
601.0007824897839,143.9326715065326
603.9676468648515,143.48801908052494
606.8540900654917,144.30560433569877
609.4723379006791,145.77011048916373
612.2344543505405,146.94088489843506
614.121895401603,149.27274387332275
616.8132182718707,147.947307640238
619.8073399436767,147.75959665382075
622.7859947449404,148.11682987583183
625.6332454402354,149.0619031418495
628.4804961355305,150.0069764078672
631.3855812289692,150.75562893065776
633.8328587503246,149.02045380016844
636.6901479645102,149.93472856548738
639.1037802078439,151.71640737883723
641.5174124511776,153.4980861921871
644.0841643204059,155.05107841425826
645.7320966863282,157.5579328012033
647.3800290522506,160.0647871881483
650.3295508378121,159.51677146164184
652.5736355755868,161.50777213710302
655.5688866390677,161.67650585251263
657.7901870873071,159.66011692210975
660.7247179254501,160.28343767420114
663.3674369380408,158.8635657713549
666.3173301037518,158.31755266630012
667.3785736870609,161.1235751282354
669.7698279270311,162.93517750177787
672.1610821670013,164.74677987532036
672.5409900214363,167.72262765740507
674.7598027476124,169.74175372730733
676.9786154737885,171.76087979720955
679.0003595977558,173.9773072598628
679.8445319072755,176.8560870555124
682.7357462207411,177.6566367376756
685.7313297494111,177.49391205374147
688.2142409479853,179.17770300869836
690.4329528080909,181.19693991451862
692.6516646681965,183.21617682033886
695.0101693169485,185.0702145281041
697.3686739657004,186.92425223586932
700.2748197078915,186.1797276055553
702.4789752108048,188.21484394595876
705.3087913165116,187.21878129336963
706.5272998518974,189.96017454301332
707.6614263714741,192.73753966801812
710.2011837616075,194.3342965058814
712.7409411517408,195.9310533437447
715.7157383123415,195.54300456680818
718.308077055968,197.052898549276
721.3006213499543,197.26427179386968
723.5404819063027,199.2600234538
725.0591234121434,201.84724744424574
726.577764917984,204.4344714346915
727.9566978852017,207.0987807020102
729.3356308524194,209.76308996932892
732.2873665484108,210.29905301004166
735.2470958784767,210.78895329861854
738.2068252085426,211.27885358719539
740.1181825084617,213.5911496910813
742.0295398083807,215.90344579496724
744.3303057650184,217.82866682455764
747.0635680587749,219.06530631670108
749.7968303525314,220.30194580884452
749.9499156826481,223.2980374098646
750.1030010127648,226.2941290108847
752.8994994600403,227.38022128798934
755.7283321111497,228.37907354534119
758.4723767819982,227.16654773349703
761.0500526950864,228.7013398650525
762.7046737398301,231.20378450945347
764.3592947845739,233.70622915385442
765.5906078070093,236.44189511313763
768.0432965111875,238.16941302054025
769.0489552201244,240.99583311690586
771.9146588351803,241.8833818708659
774.7329337509118,242.91164569856684
776.8190713861721,245.06757467855448
778.2817595627085,247.68683856335508
779.744447739245,250.30610244815568
780.5559169191021,253.1942710322487
783.5551790583613,253.12773818317388
786.4602132479189,253.8765882065441
788.1220658057194,256.3742363154921
789.7839183635201,258.8718844244401
788.8444032150248,261.72097397827093
788.2003175829885,264.6510172712283
790.7387220030276,266.24992408537537
791.5218991242976,269.145892592925
794.266772084011,270.3565421851005
796.5518088090254,272.30040616319553
798.8368455340399,274.24427014129054
799.0434497355209,277.23714746987093
799.2500539370018,280.2300247984513
801.9339765504847,281.5703827375241
803.7080205322412,283.9896321977479
805.1157898363779,286.638818032364
808.0601008469021,287.21417242168064
810.0592499417953,289.45100118052375
812.3308418886332,291.41055981120087
814.6024338354712,293.370118441878
816.3837446897569,295.78402225943245
816.807110324197,298.75399894950516
818.7816245174421,301.0126033196138
821.6247244724723,301.9700909935329
824.4678244275025,302.927578667452
823.7021265591047,305.8282176960681
822.936428690707,308.72885672468425
824.0826490484139,311.5012526003806
825.2288694061208,314.27364847607697
824.0323850873289,317.02472558784336
826.0341617733013,319.2592031776834
824.4477690435762,321.80544709904586
825.7722702328002,324.49723026262797
828.6990572167895,325.1559547500664
829.7340754124805,327.97175611638977
830.2815226128495,330.92138347638087
833.199668304763,331.6173904596549
835.2395951943066,333.81709459551433
835.5710558236693,336.79872734472787
835.902516453032,339.7803600939414
835.9590035345207,342.7798282484023
835.7460126368984,345.77225784281717
838.0337763978993,347.71291159190565
840.3215401589001,349.6535653409941
840.4825093411118,352.64924371531566
842.9269197768667,354.3884554970067
845.3713302126215,356.12766727869774
846.6109032173574,358.8596004341629
847.1317625013737,361.81403872362745
850.0340832329446,362.573337328324
852.1613232639559,364.6887214188529
852.7182884149323,367.63656636399463
853.6515362212806,370.4877149977817
853.4664480840172,373.4819999510626
853.2813599467538,376.4762849043435
853.6219697301401,379.4568863495994
855.5592830221744,381.747479549735
857.4965963142088,384.03807274987054
859.7249987381755,386.04661018712665
861.1850568341299,388.6673410692353
861.904604093605,391.5797716248678
860.4077044803892,394.17963538052004
860.1456031331005,397.16816392877746
859.8835017858119,400.1566924770349
861.6105954593705,402.6096799296635
863.8219279815883,404.63699551342995
864.8531581096394,407.4541863878649
865.2794891006566,410.4237388602247
866.9983250305877,412.88251966500945
868.2639324010438,415.60248988246536
869.5295397714998,418.32246009992133
870.6982846307067,421.0854359329821
871.8670294899135,423.84841176604283
869.4852225122617,425.67241711724364
869.0241612474266,428.6367758185598
868.5630999825916,431.6011345198759
868.2916248689517,434.5888261476505
868.0777138457453,437.5811901084933
867.863802822539,440.57355406933607
870.3811640354033,442.205391231545
869.9779157338268,445.17816616538636
869.5746674322503,448.15094109922774
872.13044815954,449.72192323598625
873.0573148289895,452.57515266543345
871.5394417161264,455.16282753164967
870.0215686032632,457.7505023978659
869.905116482122,460.7482413630664
871.3736657359257,463.3642236048167
870.6539320753914,466.27660810173563
871.82793250498,469.03735491941484
873.0019329345687,471.79810173709404
873.9814074594578,474.6337021417867
874.1424110188206,477.62937866869555
874.3034145781832,480.6250551956044
873.2513902371497,483.43454710445076
873.1348509137491,486.4322826808653
873.8232200816012,489.35223951081167
874.5115892494533,492.27219634075806
873.711588112934,495.16356248525926
874.2890818278362,498.10745463838725
876.4942853255775,500.1414353495911
879.3019180428945,501.19841147261917
880.2161166643293,498.3410978950491
881.0423329905888,499.36346569956413
