944.6392762391762,503.02402064095355
946.496700264982,505.3798593426391
948.5077543156608,507.60599087632
949.5700061955876,510.4116317912612
948.1808272319194,513.0706131388644
947.7087116802971,516.0332313906674
944.7744174544235,516.657665050879
943.6042869497055,519.4200543431274
942.4341564449874,522.1824436353756
941.1107761605261,524.8747780541838
942.7868084350581,527.3629331568105
943.6639153062291,530.2318499448238
944.5410221774,533.1007667328371
942.8248963409953,535.5614398345766
943.9829201525109,538.3289262124948
941.783739649294,540.3694176028885
944.7431554755414,540.8612081755483
944.9263981592229,543.8556066324804
945.1096408429045,546.8500050894125
944.2024853718239,549.7095625641433
944.6947636992214,552.6688972948514
944.7978852450339,555.6671244288073
946.3903730462458,558.2095607806145
946.4618100795996,561.2087101183878
946.5332471129533,564.207859456161
943.5496462586452,564.521110062182
945.8632477961426,566.4308869930537
944.1454679478591,568.8904057250074
942.4276880995756,571.3499244569612
940.376307171531,573.538950790301
938.9665161197183,576.1870612846401
937.359387692157,578.7202683857917
937.4794436520882,581.7178651843096
936.7410861284482,584.6255839064842
937.7446805682987,587.4527376342289
938.7482750081492,590.2798913619737
937.0140350031763,592.7278316400751
937.2607579756784,595.7176690561965
937.3123194449456,598.7172259259503
937.3638809142128,601.716782795704
935.7303882731252,604.2330700987584
934.411133180573,606.9274282785065
935.840375701721,609.5650912243246
933.1628852595712,610.9182523131078
934.8041144083218,613.4295003855394
936.4453435570723,615.940748457971
933.673586582611,617.0885129261986
931.0884339460887,618.6106777812263
929.7301550679747,621.2855756277373
928.8191029280379,624.143894014187
927.908050788101,627.0022124006367
927.3520893252789,629.950246805432
924.4835916111522,630.8287232502211
924.9305186089765,633.7952458371258
927.2724255959902,635.670204947127
925.7953755133142,638.2813968307822
922.9099969116797,637.460062352491
921.7015276248253,640.2058959204135
921.040055423317,643.132063127979
923.0015001759272,645.4020266700778
920.6674868190272,647.2868029564876
920.4821419816191,650.281072031111
919.6708332033852,653.1692856773568
918.8595244251514,656.0574993236027
918.0924073029072,658.9577633324059
917.1733130269894,661.8135059174397
914.3369670538095,662.7908193371914
915.2349873805315,665.6532587676063
915.4393930952946,668.6462870507623
914.0012605365368,671.2791134300439
911.4978643944111,672.9322945319168
908.8237742372783,674.292162845955
907.3714569287231,676.9171913096618
908.1726955118149,679.8082147846555
907.4203938372561,682.7123570315946
906.6680921626973,685.6164992785336
904.7651799704859,687.9357502758887
903.053720655044,690.3996713402873
902.9928871750296,693.3990544914885
901.933405917001,696.2057428361193
899.7635630785273,698.2774045016247
897.5937202400537,700.3490661671301
896.3020617640668,703.0567623061773
895.0104032880798,705.7644584452246
893.1889002844216,708.148179655363
893.721541430038,711.1005165958217
891.2434829427309,712.7914412344397
891.3970952575899,715.7875058627019
889.4202001783653,718.0440266017464
887.443305099141,720.300547340791
888.3348825065337,723.165000120403
886.0363867185214,725.0929309055945
885.689254479837,728.0727797623096
884.0709844333074,730.5988838885295
881.6569530444411,732.3800218544288
880.9676971614097,735.2997695023784
879.0689171182073,737.6224047185792
877.209486776005,739.9766601852815
875.2579376451538,742.2551368671623
873.3063885143026,744.5336135490429
870.3214269803369,744.8336212835179
868.3527426346942,747.0973089711686
867.9845533495304,750.0746293520297
869.2143100714894,752.8109952641103
867.5799836173596,755.326741086194
865.94565716323,757.8424869082778
863.1362658013182,758.8947797266585
860.2559479355201,759.7336891329498
858.6094404989575,762.2414796467974
856.6880609662559,764.5454546230754
853.9985073470156,765.8744773201095
851.8755728314496,767.9941822624585
850.2539124288795,770.5181112509081
848.1288597814386,772.6356927122937
847.2573910570015,775.5063271826378
846.3859223325645,778.376961652982
844.6518630949035,780.8250299854193
843.2762348522771,783.4910470405201
841.1091023060741,785.5655437330188
838.9419697598711,787.6400404255174
840.149279440032,790.3863840559085
838.5687256323372,792.9362565352653
836.9881718246422,795.4861290146221
835.175785700188,797.8767892865733
833.6677103046926,800.4701864026165
831.0940169248764,802.0116475233363
828.2239956368487,802.885133531391
825.353974348821,803.7586195394459
822.680559346294,805.1198146849939
821.7584872033415,807.9745971571257
820.8403518930671,810.8306481986912
819.9222165827928,813.6866992402566
816.9870100921407,813.066567917685
815.0300084027908,815.3403630685026
813.0529258646768,817.5967195646008
811.2403943272433,819.9872695903917
811.0258945733833,822.9795914072413
810.8113948195233,825.9719132240908
808.2782336891855,827.5791141100243
806.8267846287812,830.2046227512311
803.9809095355779,829.2554152112879
802.9464701439655,832.0714292640015
800.4634301919609,833.7550303440527
797.9988970917949,835.4656081991022
796.4022942204807,838.0054623821827
794.8056913491664,840.5453165652631
791.9054794508766,841.3126306763138
789.1319277318274,842.4560513608213
786.3583760127783,843.5994720453289
786.3202639487386,846.5992299473228
786.2821518846988,849.5989878493167
784.7841520999526,852.1982178593197
781.7868848941932,852.0701971684939
778.9408093531545,851.1215908145721
775.9712977370277,851.5482062874376
773.2847982958888,852.8833919497184
770.5982988547499,854.2185776119993
768.229169768153,856.0590197792626
766.662607262578,858.6175118969222
763.9397649847034,859.8769284006328
761.1005792499994,860.845961095568
758.4167167994422,862.1864394976651
756.3000908029402,864.3124438229034
754.3663243605874,866.6060321352277
752.2020897844927,868.6835519786073
750.037855208398,870.761071821987
748.4340284551171,873.2963705707463
745.5111662923839,872.620443964033
742.9194127125277,874.1313421675208
740.1863919366473,875.3685153318781
737.1894429713299,875.2332493003584
735.1036983220375,877.3895584753026
732.9087936526273,879.4346485692107
730.1987531765312,880.7213811047133
727.2440634813072,881.2408123368672
724.661710244555,882.767721555071
722.0793570078029,884.2946307732749
719.2734482431755,885.3561749337258
716.9944133210706,887.3070721180558
714.7153783989659,889.2579693023857
712.4100725844072,891.1777518685536
709.4156210746215,890.9953781984638
707.4425910252907,893.2552791751522
704.4580503836874,892.9511128413512
704.5219416808454,895.9504324145457
701.5341885524442,895.6796349926061
698.5997451493453,895.0559027471602
695.6240817157499,894.6745536551681
694.0714189113364,897.2415048069805
691.6226994823129,898.9746444891535
689.6411577353633,901.2270858990677
686.7059253522472,900.6070771433988
686.8685110387736,903.6026682193864
687.0310967253,906.598259295374
684.09226893049,907.2009957157537
681.1562529938439,906.5847081045206
678.2202370571977,905.9684204932876
676.1050171581936,908.0958237881184
673.1872354311914,908.7933550014501
670.2694537041892,909.4908862147818
668.3262984422581,911.7765256500448
666.2862945437971,913.976158368083
663.3929828306391,913.1832224750231
660.7659098785446,914.6318382641036
657.9519422404546,915.6718315966699
655.0507767244736,914.9081309688825
652.0712451390068,914.5582859586196
649.9546732715016,916.6843441727063
646.962133400109,916.4729083239828
644.7767263183168,918.5281445359187
642.084066336188,919.8508622762707
639.3914063540592,921.1735800166227
638.2581599515784,923.9513043714254
637.1249135490975,926.7290287262281
634.4779023098048,928.1408826489331
631.830891070512,929.5527365716382
629.0560618470146,928.4124196067444
628.6173222718086,931.3801641350265
625.7067311476435,930.653212067878
622.7732005415792,931.2812233602
619.8396699355148,931.909234652522
617.2046133564362,933.3432767805832
614.2894878798364,932.6347265313569
611.3743624032367,931.9261762821305
608.4768421323488,932.7035926955112
605.5793218614609,933.4810091088921
603.3680906803518,931.4535829909557
603.8715949259828,934.4110284214973
600.8783658516827,934.6124724801462
598.1008520638952,935.7462348708835
595.3233382761077,936.8799972616208
592.9766163401868,938.7489264083429
590.6298944042658,940.6178555550649
587.6891662480865,941.2112507955702
584.9492994819249,939.9893137662258
582.0158511144072,939.3609184486847
581.2734504323936,942.267607497645
578.898251462554,940.4350055622338
575.9724567581267,939.7718876635572
573.0006087655769,939.3618638725668
570.0287607730271,938.9518400815764
569.7607409453042,941.9398436578707
566.7607591688108,941.950300268562
563.7998604027646,941.4675182295153
560.8389616367184,940.9847361904687
558.285874703522,942.5600923760794
555.3417713102467,941.983676545533
553.2324496846913,944.1169281199996
551.1231280591359,946.2501796944662
548.693228076361,944.4907519256416
545.7566953824776,943.8769313184985
542.7695749355115,944.1546207769183
539.7975630060728,944.5634545955709
536.8523201749289,945.134019811471
534.6651233462144,947.1873512587686
531.8166696888096,946.2459099373802
528.818578726879,946.1389025358161
525.8204877649483,946.0318951342521
523.1278374934554,947.3546326423877
520.1354491351424,947.1410631852265
517.1430607768293,946.9274937280653
515.9784526102138,944.1627717134222
513.0581172942058,943.4760100065135
510.07741228084956,943.8157122634285
507.7483132501672,945.7065580279674
505.0951589376271,944.3062822716073
502.2725838171364,945.3226826303179
499.45000869664574,946.3390829890285
497.5937433584692,943.9823312001707
494.7887302992038,945.0462399074152
491.98371723993836,946.1101486146596
489.75231587319917,944.1049434030879
487.2384214769829,945.7421162603856
484.7245270807667,947.3792891176834
481.7923550525488,946.7449649127717
479.392283928842,944.9450597482843
476.44876039712153,945.5244294214705
474.15412947177487,943.5919002712524
471.2223590028043,944.2280778543784
468.26124766990597,943.746601298167
465.3555468216627,944.4928603554107
462.42201224302613,945.1208530909925
459.48847766438956,945.7488458265742
458.21735380648323,943.0314492530389
456.9462299485769,940.3140526795036
453.996101887225,940.8587952073314
451.5808390917517,942.6382630010278
449.16557629627846,944.4177307947242
446.35039009064394,943.3810405673153
443.5294044888044,942.3602368475856
441.2915160145842,940.3622740909376
438.29807417076023,940.164016864982
435.30463232693626,939.9657596390264
432.44306082001066,939.0649774729332
429.58148931308506,938.1641953068399
426.5835571207217,938.0528284805795
424.1485694560462,939.8052083118026
421.494159577055,938.4073141118312
418.64219803695886,937.4765534692316
415.79023649686275,936.5457928266319
412.84107958758125,935.9958168958518
409.89192267829975,935.4458409650719
406.89226669643745,935.4004098031043
404.1715974413471,936.6645137562688
401.45092818625676,937.9286177094332
398.9013796346153,936.3475414358705
396.1648035328626,935.1182525197422
393.5263355279666,933.6904967328024
391.0575121237426,931.9861167872633
388.5886887195186,930.2817368417242
385.65794729594205,929.6408353608923
382.94393771136134,930.919174899045
379.96659287266044,931.2871663547353
377.59198984791783,929.4537922862803
375.2173868231753,927.6204182178252
372.3348627489237,926.7891210619537
369.70564804131465,925.3443961672791
366.7122752760752,925.5436936542748
363.7189025108358,925.7429911412703
361.2692504290456,924.011169938553
358.79755060551463,922.310964073854
355.89759326650534,921.5426884514852
353.2860770366145,920.0662119088281
350.33651872533835,919.5183928069506
348.9011030555239,916.8840841965462
345.9026972143208,916.9818717798028
343.08529640586045,915.9512153460254
340.485370683308,914.4544233640819
337.64766689844896,913.4810594910125
334.8099631135899,912.5076956179432
332.2904824474448,914.1362585344193
329.37432667971365,914.8405564389515
326.8336764471031,913.2452206136358
324.7888472485186,911.050072885437
322.71144451446304,908.885725898344
320.13514146352,907.3486303939262
317.2349079225112,906.5813980903781
315.02003612833505,904.5579498119774
312.8051643341589,902.5345015335766
310.14839903570396,901.1410891219319
307.18250737985886,900.6899941366036
304.2737378827775,899.9557870725889
301.3649683856961,899.2215800085743
298.40191386335897,898.7522103273449
295.8317718683613,897.2048350898704
292.9573419519348,898.0637021666363
290.04334948448405,897.3505066116583
289.1144223506646,894.4979473432023
286.304126408979,893.4480727220473
283.74222346162543,891.8870944107498
280.9402362981435,892.9589469825536
278.1382491346615,894.0307995543574
277.4496235942257,891.1109031751926
274.71847182164737,889.8696094971526
273.1746335459425,887.2973413582392
271.35093722592455,884.9152977540302
269.5272409059066,882.5332541498212
268.3189772744599,879.7873300800546
265.6237636910698,878.4698234425344
262.9285501076797,877.1523168050144
261.6015052513162,874.4617867551544
258.93530325691006,873.0865169906992
256.26910126250397,871.7112472262439
253.89013016777668,869.8835446983549
252.30204289941778,867.3383573127039
249.52510812919883,868.4735371583447
246.91530501895156,866.9940346319042
244.3055019087043,865.5145321054638
241.93462593143323,863.6763408476239
239.56374995416218,861.838149589784
237.48612049517874,859.6740202426414
235.5739173359772,857.3624235914197
233.49683896148883,855.197765321338
231.41976058700044,853.0331070512564
228.4324531083585,853.3087771948154
225.72019216858442,852.0267317219183
223.7775401972962,849.7406645053977
221.093552227447,848.4004374434023
219.17395624400194,846.0949762616989
217.25436026055692,843.7895150799953
216.6487204793431,840.8512842423294
213.67690368746747,840.4410343727058
210.72514242791505,839.9052121385595
209.77838959554538,837.0585194831434
206.84739015627702,836.41879900746
203.98292806412096,835.5272515198852
201.1184659719649,834.6357040323104
201.16803033963657,831.6361134980112
201.21759470730828,828.6365229637121
198.21764834645063,828.654462639768
195.21770198559298,828.6724023158239
194.08597782623792,825.8940574079458
194.64281107411512,822.9461875441189
192.81044090026776,820.5708097750062
190.9780707264204,818.1954320058935
188.6079032479582,816.356327298695
185.8357343709139,815.2095580467759
183.32823944535227,813.5626004886456
182.96445184145986,810.5847390782951
180.90915525068075,808.3993887805324
179.00835647707686,806.0784053634727
176.38494302430132,804.6231727855676
173.60030627976445,803.5070194802483
170.60034753891804,803.491285656201
168.66321478716256,801.2005397728528
166.72608203540707,798.9097938895047
166.13807812226028,795.9679829849556
163.98562827098303,793.8782558167021
162.62766621835598,791.2031971138649
161.26970416572894,788.5281384110277
158.3460953069548,787.8554488534328
155.5422041189407,786.7885870039992
154.1019920267823,784.156897598009
152.66177993462392,781.5252081920188
154.02903610016014,778.8548878783105
151.39433003336225,777.420201870301
148.7596239665644,775.9855158622913
148.27354827588564,773.0251560154262
146.88343833187804,770.3666612639604
145.3728023691427,767.7747548250451
143.8621664064074,765.1828483861298
141.02899594884917,764.1963671858937
138.19582549129095,763.2098859856575
136.4845443884738,760.7458411428956
134.77326328565667,758.2817963001339
132.02120021500608,757.0875815559773
130.83959518802888,754.3300809557558
129.6579901610517,751.5725803555342
131.09119934380288,748.9370706442113
128.96854350797096,746.8170866342224
125.97166565120732,746.9539190559641
124.78505571482819,744.1985684686729
125.94150020267044,741.4304217697894
124.51375661978571,738.7919471609422
123.08601303690097,736.153472552095
120.51419916726864,734.6088776472844
118.3535901894733,732.5275874596676
116.55161443495749,730.1290705470449
114.74963868044166,727.7305536344222
113.3682518427936,725.0675158192997
111.98686500514555,722.4044780041771
113.92440103756924,720.1140732095917
111.55388167843552,718.2754220822778
109.18336231930179,716.436770954964
108.09551041371809,713.6409565420392
107.00765850813438,710.8451421291145
106.69071858888927,707.8619309251283
103.80652903999884,707.0364306852305
100.92233949110839,706.2109304453328
101.12195292956484,703.2175787327558
103.24069872744538,701.0936869643355
101.23670278951151,698.8611994994783
99.23270685157766,696.6287120346211
97.39437173687209,694.2579475996675
96.23138978438867,691.4925411235419
93.7327802785675,689.8321343849925
92.33021727605336,687.1801884911292
90.92765427353923,684.528242597266
92.84710815497908,682.2226631045949
91.6885125307198,679.455416064765
90.612203744931,676.6551376147472
89.53589495914218,673.8548591647294
88.32195731768317,671.1114387808566
86.79334858697139,668.5300911970563
85.98959361437325,665.6397663115073
85.7638631440026,662.6482707399334
83.79595241906654,660.383910481785
82.76331632910369,657.5672346563294
82.22848622926064,654.6152934705499
81.4246617282998,651.724987920672
80.62083722733897,648.8346823707941
78.47714041815752,646.7359770579154
79.88652556917563,644.0876505115677
79.84269190989602,641.0879707602753
79.7988582506164,638.0882910089829
77.42002557823875,636.2604083221486
75.79111023833863,633.7411554933443
74.16219489843849,631.2219026645402
73.65938719950418,628.2643387315215
71.27823027465557,626.4394848471666
70.10305080756892,623.6792397094772
68.92288372124048,620.9211233869942
65.92356158242416,620.9848941295512
65.63960175807847,617.9983632292996
65.6482999752617,614.9983758391564
65.22602202227353,612.0282443049614
64.2028625855022,609.208112257176
64.19252254942073,606.20813007662
66.80565336262056,604.7345129780814
67.18001075332535,601.7579618624402
67.55436814403015,598.781410746799
65.82255531508243,596.3317527450583
66.62524199260906,593.4411309957246
66.84236366762232,590.4489982817162
64.38632393523852,588.7262479129882
63.48360709017403,585.8652861345583
62.58089024510954,583.0043243561284
61.85974316584107,580.0922895194442
60.61781861447412,577.3614245632972
59.21888356705574,574.7075630874276
57.81994851963735,572.053701611558
58.53781793733478,569.1408570398147
60.903103856656855,567.2954783470102
60.30259291906725,564.3561949966278
57.45713266286713,563.4057446137116
56.83899563551135,560.4701174889882
59.07817844531093,558.4736054443719
60.10659826850621,555.6553874493866
61.135018091701475,552.8371694544013
59.19395812377944,550.5497503408739
57.252898155857395,548.2623312273464
57.8075767468881,545.3140551784236
57.23991708647863,542.368250957172
56.38078534797434,539.493900133787
55.521653609470064,536.6195493104018
55.30367123590416,533.6274791767294
55.08568886233826,530.6354090430569
53.97074626170958,527.8502873226821
55.770744710696974,525.4502861594234
53.90322637784179,523.1024413441833
51.7952524488379,520.9678580324711
51.4127836946665,517.9923383044097
52.76606771367581,515.3149099927841
54.773698705050606,513.0856908912889
55.03820579329273,510.0973743082827
53.68723870054927,507.4187761834562
52.33627160780583,504.7401780586296
54.752505705338514,502.9620293623951
51.87720264113013,502.10608994342095
52.17919433206993,499.1213284757986
51.88192144772575,496.1360933372821
51.934423445009045,493.13655278241686
51.98692544229234,490.1370122275516
54.42473780373892,488.38856408980826
57.01192643999685,486.86986235463513
57.527669082242205,483.91452658234635
56.264962503320476,481.1932085017928
56.80224377148888,478.2417124677661
56.04291639783909,475.33939926281624
56.9515287388046,472.4803043686504
56.80363299369892,469.48395211155855
56.65573724859324,466.4875998544667
58.252310573875995,463.94772709840277
55.79077122484499,462.232844002337
57.564240963410086,459.81317355238025
57.82190626319529,456.82425926901806
56.511891767364695,454.12539617120933
55.6088069528721,451.2645505238818
54.70572213837951,448.40370487655423
53.52859253873458,445.64429082541227
54.64696800638533,442.8605458095466
55.76534347403608,440.0768007936809
57.908929765950155,437.9779826002401
60.052516057864224,435.8791644067993
61.37343285554387,433.1856204933634
63.499829841197965,431.0693889702542
63.93496890230907,428.1011143876902
64.37010796342018,425.1328398051262
62.2733761931914,422.9872126511888
62.59987470427414,420.00503245504694
60.92505623743279,417.5160601564612
59.25023777059144,415.0270878578755
60.74090656279853,412.4236465675945
61.01069408233129,409.4358020779491
63.37227881353725,407.5856892280573
63.337913154557434,404.5858860676011
64.64087154125149,401.8836093529504
66.09464813597971,399.2593887805479
68.83901401002025,398.04759013828027
69.3141159851054,395.0854493392516
69.78921796019056,392.123308540223
66.8494070689428,392.72123154839466
67.77948238573796,389.86904643780167
68.70955770253313,387.0168613272087
70.66779869610693,384.744133404406
71.10346581100437,381.77593628073026
71.38289366192083,378.788977948893
71.6623215128373,375.8020196170557
73.08867875806638,373.16279529749085
72.44923508272299,370.2317354574222
71.80979140737959,367.30067561735353
74.78129408454593,367.7131945133974
74.45182117644906,364.73134146490054
74.95915189011261,361.7745500371915
75.46648260377614,358.81775860948244
77.9060943968195,357.0718220988258
80.34570618986287,355.3258855881692
78.54373001404988,352.9273689920619
78.45410652751804,349.92870801911715
79.431266204025,347.0923090756311
80.40842588053196,344.255910132145
83.28767880600499,343.41335295832533
83.39754381990537,340.4153653534943
82.05128429461138,337.73439812308
82.73371669476336,334.81304808941013
85.11827215075137,332.9926373452873
87.4356338320191,331.0874248011883
90.15879570723418,329.82869949303915
92.88195758244926,328.56997418489004
93.42034213447779,325.618679202321
93.95872668650634,322.66738421975197
94.8082517030526,319.7901794570939
93.80789578261927,316.96187819441803
92.80753986218595,314.13357693174214
93.74767587384916,311.2846921886235
96.45213202466348,309.98626355049106
98.22636464534273,307.56715243115036
99.16582948491678,304.71804628795314
100.10529432449084,301.8689401447559
101.729870380191,299.34688688614983
103.53543067554637,296.95106718929526
106.3027003143297,295.7925255429709
109.06996995311302,294.6339838966465
107.47384171450761,292.093831411868
109.3594151883249,289.7604620294434
111.2449886621422,287.42709264701875
113.41217125711833,285.35264823946466
116.05925821840643,283.9409362931461
114.56227836370569,281.34111873904345
113.60285554349987,278.4986712281704
115.92384751307192,276.59788289771853
118.579219561158,275.20181725232675
118.51013686007785,272.20261276106385
118.34921364008997,269.2069319173709
121.16018079055094,268.1588557373967
124.15827274011134,268.05187601043343
122.51526017351131,265.54179439702034
125.04360400989911,263.92702585478287
125.25916832529026,260.9347805396508
123.71713101651117,258.36143234355814
124.83586621225605,255.57783187621342
126.45282158096833,253.05088602487578
128.0697769496806,250.52394017353814
128.31307718911364,247.53382228397393
130.75154711853958,245.78629133910187
133.1900170479655,244.0387603942298
135.7917253972506,242.54506910575674
137.5064362827984,240.08340979159811
138.35459841537818,237.20580297397035
140.14145134468495,234.7959987061868
141.92830427399173,232.38619443840324
143.86542068841774,230.09543473975273
145.13026643640663,227.37511026759975
147.38047003233862,225.39102766426524
150.37213419772402,225.16754271723548
153.36379836310942,224.94405777020572
153.49181270195254,221.94679029314423
152.53644847524905,219.10297609486489
154.55844532045236,216.88677918168506
156.89801705093592,215.00890695016287
158.0408969500754,212.2351323493449
160.67272251812307,210.7951690930878
163.0018235121948,208.90432574700804
163.35508655174092,205.9251974810734
163.7083495912871,202.94606921513878
166.70720385724135,202.86316510445687
169.54542957852678,201.89132419410484
170.88490492047742,199.20696099060456
173.88232647969053,199.08260667276826
176.30393961017603,197.31179052018203
177.88027891145364,194.7593104698687
179.45661821273129,192.20683041955536
181.41391228101946,189.9332869450988
182.31983599857415,187.07333900536776
183.22575971612883,184.2133910656367
185.25923633975992,182.00772272675482
186.32186224697787,179.20222345188247
189.005004929461,177.86030492028777
191.85140939363956,176.91268599566445
193.44616725023843,174.37167293414427
196.14425237505085,173.06005688542194
198.84233749986325,171.7484408366996
199.26234410269376,168.77798725962103
200.45188018244562,166.0238986780811
202.61002240573671,163.94005076039417
204.32335931600693,161.47743494953255
206.21930173250692,159.15248283103287
209.0248215144481,158.08991106727444
210.5816727248384,155.52549801382415
213.54936876755144,155.0864305952363
216.5170648102645,154.64736317664844
219.14413694293137,153.19874590153228
222.09181815659673,152.640914867433
224.68236144396792,151.12794246971518
225.14434796982732,148.1637278266901
228.14348204277567,148.23580287424667
229.47385825663144,145.5469185090114
230.8042344704872,142.8580341437761
231.12555821600515,139.87529194060696
232.83931810111298,137.4129704635867
235.45835958146534,135.94988409423127
238.07696524091986,134.4860178434171
240.54345863114438,132.77826775749153
243.0727287458327,131.16495046478548
245.60199886052104,129.55163317207942
248.45259204666294,128.61669013257304
251.30318523280485,127.68174709306668
252.9957707613133,125.20482274446744
255.82535859921424,124.20811181967369
258.0846925919971,122.23443253745586
261.07256793975694,121.96498698405227
262.3163555733117,119.23497007520056
263.3177451932944,116.40703463941162
264.3191348132772,113.57909920362268
267.3186765299686,113.6315347815041
270.3116526648941,113.83670265366399
273.30462879981957,114.04187052582388
276.1287619127711,113.02980720748323
278.9528950257226,112.01774388914258
281.7164875678316,110.85045803674838
284.6108249573495,110.06127423329144
287.5051623468674,109.27209042983449
290.5026389788786,109.39511010527926
291.73790792189374,106.6612281329874
292.97317686490885,103.92734616069555
295.3658850854939,102.1176645944678
297.74112459878023,103.95021398112111
300.67607557577657,104.57155347176062
303.6110265527729,105.19289296240012
304.9561159482557,102.51133846581426
307.1589679944775,100.47481130850548
308.91685594741585,98.04379712818603
310.4414633397345,95.46008423792766
313.11180338536457,94.09286661051627
315.33629447182227,92.07999815821486
317.5861908794189,94.0644290980774
319.9106922471223,92.16793406999402
322.23519361482573,90.27143904191063
325.23482500259325,90.2244120547659
327.3660337390855,88.11302641459993
329.3885256966944,85.89728132966638
332.38821371182183,85.85401688813863
335.3084117712534,85.16667178290253
338.228609830685,84.47932667766644
341.1625160372843,85.10558091587794
344.1424669666115,84.75932601150508
347.12241789593867,84.41307110713223
348.8147617251311,81.93598161262577
350.97609663302575,79.85544528371531
353.1374315409203,77.77490895480484
355.2794850577263,75.67452643461021
357.94750864150444,74.30279389639308
360.9430344041718,74.46657852691786
363.9385601668391,74.63036315744264
366.6154468867243,73.27600814899682
369.29233360660953,71.921653140551
372.20397480799494,72.6443878874637
375.11561600938035,73.3671226343764
378.08341775611774,72.92877027375468
380.98689930201647,72.17392266487883
383.4326472675559,70.43659227342775
386.3763051689721,71.01527885477381
389.3610584078255,70.71320584513151
391.70751658414184,68.84394555646159
393.7193469211274,66.61851555415092
396.698030204199,66.97551121119737
399.40712480923247,65.68678842449012
402.11621941426597,64.39806563778285
405.0202613886885,65.1507542924018
408.0200077933503,65.1897608010703
410.9051147420826,66.01204900746558
413.6972165184689,64.91470326873942
414.77921296079666,62.11661754832446
417.53076506741456,63.31200911788093
420.44491610261656,64.02455648053919
423.38120127379995,63.409552908607736
426.3804786300037,63.47539621170927
429.13095491968306,62.27753136962077
431.8814312093624,61.079666527532275
434.51807630032096,62.5107859021213
437.20968307744107,61.18592630300861
440.20569977971,61.03138207074654
443.1701994865651,60.57122830508091
445.3791134480902,58.54127778583683
447.5880274096154,56.51132726659277
449.41597812360453,54.13254686747508
451.2577776609859,51.76447286860981
453.56294274146416,53.68442441793173
455.86810782194243,55.60437596725366
458.8350093527357,56.04878040757414
461.801910883529,56.49318484789462
464.2256502139846,54.7252799697966
467.0965987422745,55.595713509999264
469.96754727056447,56.46614705020192
472.8603462428332,55.671342605045126
475.8584230517583,55.77874580697894
478.85649986068336,55.88614900891275
480.72158456850855,53.5363705017686
483.05869909647214,55.41729997497631
486.05069164287187,55.63634472448747
488.3561486894364,57.5559456742804
490.77393022641843,55.779901632194516
491.4629435357935,52.86009673126294
493.876989501621,54.641214940386675
496.8249022264795,54.0846086462995
499.772814951338,53.528002352212326
502.65155643103276,54.37230531506668
505.53114066766403,53.5308811508399
508.4597767890508,54.181335198800646
510.94806078528575,55.857176108338635
513.9173620898391,56.285252927119885
516.910365052719,56.0804767952302
519.903368015599,55.87570066334052
522.4694232032701,54.321557563807545
524.8593462552557,52.50819940679936
527.7961949497577,53.12050631154695
530.7330436442597,53.732813216294524
532.1600673077089,56.371677264318976
535.1482789352533,56.10598708947563
538.0163170863624,55.22601142857198
540.8843552374715,54.346035767668326
543.6865788081137,55.41727013051196
546.1914465059069,57.06822071019389
548.6963142037001,58.719171289875824
551.5918347823413,59.50400285057258
554.5852313302312,59.7029428090545
557.3970096662606,60.74884079119013
560.20878800229,61.79473877332576
563.1616276278569,61.26489148808024
566.1451549078203,61.57884207290905
569.1382246085807,61.78264042027688
572.1313437689124,61.579569762486884
574.0126728003751,59.24277685865998
576.5774659295976,60.799001843774
579.3169712112748,62.0217490832568
582.1294842469173,60.97782838495601
585.0652965042672,61.59508553525401
588.001108761617,62.212342685551995
590.7382813344415,63.44030290745561
593.7378186852734,63.387618175662716
596.7373560361053,63.33493344386982
599.730522859446,63.537300357304304
602.7018327880609,63.95120530788445
605.2578426194785,65.52181466150996
607.8030481239492,67.10987289092483
610.0549713204332,69.09200354179961
612.3068945169172,71.07413419267439
614.5588177134011,73.05626484354916
617.1392991204514,74.58633533469256
620.1381227481801,74.67034039273254
623.1369463759088,74.75434545077252
625.8650181655938,76.00239365109366
628.7112565509865,76.95051128805527
631.6220271001155,77.67674459101207
631.665357211725,74.6770575237619
633.660655934902,76.91732157187946
636.5570868969544,77.69878665879261
639.4542551540163,78.47751388335374
642.1312334230377,79.83168792947461
645.0883897457882,80.33688737802622
648.0455460685387,80.84208682657783
651.0362779511285,81.07771960541211
654.0015676415021,81.53275482620698
657.0009919601255,81.47398615384957
659.1893855135777,83.52604211195818
661.3777790670298,85.57809807006682
664.3480643494631,85.99929320413155
667.3433459108803,85.8311017422958
668.70892685984,88.50227913659941
671.692820226844,88.19182724926502
672.672132720459,91.02748361770067
675.6483929490537,91.40414666564318
677.8019561908625,93.4927264135891
679.9555194326713,95.58130616153501
682.955518113408,95.58411962528115
685.6721065449685,94.3112695581047
688.672065407047,94.29555886628812
691.6067565307977,94.91812453204399
694.5414476545485,95.54069019779986
697.4792612326518,96.14835077765677
698.0760985339657,99.08838228016832
699.7349957761165,101.58799423804982
702.4321128438629,100.2743886949468
705.2392458610617,101.33269121490633
708.0606524154251,102.35233088410088
708.430030185442,105.32950405054876
709.894734856044,107.94764083611147
712.8465267558414,107.4119874217749
715.8362451270108,107.66014878277245
718.8259634981802,107.90831014377
720.2298830982028,110.55953811523382
723.2269268779346,110.69268683798585
725.2936274326514,112.8672554888068
726.5731055975469,115.58072847108535
727.9419581803577,118.25023078547514
730.8960059517227,118.7733003453746
730.9806548324564,121.77210586874395
731.0653037131899,124.7709113921133
733.8083765613397,125.98563413815184
736.2138636712236,127.77829466490591
739.2133186837826,127.83547532277794
742.2127736963416,127.89265598064995
742.0751262884614,130.8894965154639
744.8021362365195,129.63912987195778
747.7942980388707,129.4224094332576
750.7864598412219,129.20568899455742
750.6486615215327,132.2025225940572
751.8587259364292,134.9476535766883
754.4421623438883,136.47272942024992
757.0255987513473,137.99780526381156
759.9968822609524,137.58371070269172
760.2008243362942,140.57677061353635
763.1441207188835,141.15729314043506
765.275776428615,143.26822751534326
768.2375400062037,142.79077960146248
770.9492597891232,144.07396930642557
773.1032951546829,146.16206213097098
774.6406654077987,148.7382012391782
775.6630725570135,151.55860610749667
778.122925703374,153.27590704161983
780.7030157910467,154.80663730508658
783.0156359999651,156.71760244587347
785.416413055566,158.51656590556368
786.2205504877112,161.4067844077228
787.0246879198564,164.2970029098819
789.8435995526038,165.32351993690162
792.7762007811025,164.69118297403458
795.7697797684793,164.4950074242434
798.7545182727077,164.797225989815
800.4072379641112,167.3009267749823
802.0599576555146,169.80462756014958
804.5964701536257,171.40653403273984
805.5555028335152,174.24911319943052
806.8638379256801,176.94879082585376
808.8403270734129,179.2056671292639
810.8501361861693,181.43292268942798
812.8599452989255,183.6601782495921
814.8990233904553,185.8606692258615
814.1958384467165,188.77709356653946
817.1642532927052,188.34291238072672
820.15433793076,188.58662093057455
822.9069137206957,189.7796534199308
825.0459988803105,191.88305891576738
827.5377931171794,193.55367601166557
829.5943940322177,195.7377988736547
831.3739690524974,198.15298266525247
833.1535440727771,200.56816645685024
833.330324473563,203.56295337579755
833.5071048743489,206.55774029474486
836.5071018532343,206.55348275104765
838.8769173897342,208.39304093794019
840.3766833326872,210.99125226813612
841.4025162991009,213.8104129100682
843.9921438114178,212.29587359151262
846.8433525051705,213.22893788976265
847.9257704373194,216.0268605870798
845.3308677603618,217.53234393043428
844.2507320525319,220.3311484703532
844.7357932994718,223.29167470511575
846.6633001520645,225.59052601244474
849.3883808974742,226.84509164683672
852.3755210192969,226.56761391332037
854.323969571991,228.84874263338511
856.2724181246851,231.12987135344986
856.1686655543194,234.12807671735382
859.1261062358872,234.63160885635602
860.7875618898165,237.12952100653786
861.8842733490786,239.92187198288792
864.5332714291633,241.32999455273333
865.4045802189981,244.2006775712424
867.1712926566099,246.6252862330243
869.4982717424386,248.51874030801952
871.8252508282673,250.41219438301474
874.152229914096,252.30564845800993
875.9053029544535,254.74013709326198
877.6583759948112,257.174625728514
878.3589968865384,260.09166710053387
879.0596177782655,263.00870847255374
882.0192242613365,262.5180665813904
883.7399065844545,264.975555613494
884.0563072744469,267.95882405655647
884.3727079644393,270.9420924996189
885.5423181860606,273.70470212268896
883.1946561026189,275.57245016296906
883.556882634396,278.5505018649509
882.6578061731072,281.4126097449506
885.6438795648047,281.70134093376896
888.4248074877976,282.82670304754316
889.6588882036009,285.56112159394064
890.0127659957465,288.5401768986012
892.329311863313,290.44638130617676
893.4241128000816,293.2394818967124
894.5189137368503,296.032582487248
896.4041176877477,298.36625042924857
898.289321638645,300.6999183712491
900.3067404724518,302.9202834873959
901.0772240762439,305.81965497381975
902.825786356841,308.25738546566515
904.5743486374381,310.6951159575106
906.0738384383153,313.29348666567853
906.6842556658158,316.2307287068407
907.8789636641202,318.98257768503476
908.1195193763575,321.9729176237892
909.3426489194414,324.7122522365803
910.8367965540343,327.3136985354764
912.3309441886272,329.91514483437254
912.8817972758596,332.8641380314292
914.1070919003887,335.6025048956569
915.6516803569823,338.1743226379858
915.7664032439209,341.17212827865245
918.3201359783121,342.7464373719689
920.9038661323053,344.2710155075023
922.8036013358758,346.59286954174195
922.2240005940888,349.5363475831277
922.2362884567822,352.5363224177605
921.128891872212,355.32445311851365
921.1381013005814,358.32443898288517
922.9896324395337,360.68491191039146
924.228612540855,363.4171140091627
925.4675926421763,366.1493161079339
927.54985133675,368.30899171525834
929.1484246708055,370.8476061593295
930.7469980048611,373.3862206034006
931.2517304527734,376.34345667041055
932.5773682103401,379.0346802835117
933.2483757436726,381.9586756477712
930.5066097603915,383.1763452634398
931.7922108745256,385.8869226512554
932.9063797867881,388.6723539706291
934.0205486990506,391.4577852900028
936.5392248165338,393.08759221575184
938.0758320185997,395.6641865389931
935.7867704423766,397.60330930464227
935.4739741932316,400.5869578272603
936.1287671986782,403.5146268864297
937.8237820631523,405.9898894198213
936.671459779125,408.75975464284824
936.262648406351,411.7317696598848
937.7854487196732,414.3165480267367
940.332145077829,415.90221434073726
939.2991651693287,418.7187640932953
938.2661852608286,421.5353138458534
939.2417142087411,424.3722740626673
939.2290417738652,427.37224729744696
938.8879578105067,430.3527945173278
939.7478955765908,433.2269042992363
938.4494110261801,435.93133360545687
937.1509264757693,438.63576291167743
939.7783344612507,440.0837709495795
942.6080367372643,441.0801569335853
944.9955351667562,442.8967062032649
943.0321689657711,445.16500802639814
942.6663945761578,448.1426260502392
941.3093500486278,450.81815032602157
942.3742452291332,453.62278902905206
943.4391404096385,456.4274277320825
945.8660568766056,458.19096861971843
945.853574794452,461.1909426525436
944.2063997895822,463.6982947425644
942.5592247847123,466.2056468325853
942.0382304420081,469.16006130839435
942.657524488367,472.09544456857424
945.4018551569181,473.3073229377391
946.451809290359,476.1175891738225
947.5523006900934,478.9084526027833
950.0543279883043,480.56370466788013
948.2752346585031,482.9792433084026
947.3479352940348,485.8323321413443
946.4206359295664,488.685420974286
943.5370322597004,489.5129654595767
941.844949573303,491.9902333462604
943.3948875835391,494.55883066083214
944.8453979755335,497.184858003172
946.2959083675278,499.81088534551185
943.3229691269294,499.40885018323064
946.3216738662964,499.49699714062484
945.030081965243,502.20472503706003
944.6392762391762,503.02402064095355
