920.9310894635651,502.2747730370098
920.7359362393654,505.2684188442296
919.0827196909264,507.77179157795655
917.2855297439635,510.17389654954616
917.146425115835,513.170669797964
914.1669607770152,513.5210870545334
911.6381318848635,515.1350958631272
911.7696127073312,518.1322132771307
911.9010935297989,521.1293306911343
910.1985275312398,523.599405390521
908.953642685453,526.3289221464195
911.9488467068612,526.1593554334708
914.3130249101972,528.0061530463322
914.0760779872903,530.9967811000569
914.2716572888128,533.990399101208
914.2903337567054,536.9903409655692
915.361393404525,539.7926313200494
916.4324530523444,542.5949216745296
913.8338610923239,544.0940280167604
913.3278729188056,547.0510494857829
911.2268293740034,549.1924546372768
909.1257858292012,551.3338597887708
912.0100564059463,552.159076875435
912.9140809629305,555.0196257039589
914.1083210972233,557.7716777568177
914.2201104507782,560.769594223371
913.715497874364,563.7268507471993
913.0352405354828,566.6487080251816
911.8154445807969,569.3895286739895
909.5330698654274,571.3365175436654
907.2506951500578,573.2835064133413
905.0235339568379,575.2934200979098
905.9185011154136,578.1568155971503
906.8134682739893,581.0202110963908
907.3209172655362,583.9769822273676
907.8283662570832,586.9337533583443
906.0040273455357,589.3153048559639
905.9140368540345,592.3139548374454
905.8240463625332,595.312604818927
904.3997490462997,597.9529413798543
905.8226281696768,600.5940424760371
907.366632875304,603.166210718785
906.887260280385,606.127663388547
905.8615309332911,608.9468617332029
904.8263020257602,611.7625856381717
902.3756712722538,613.493021684366
900.4921458615316,615.8280446022757
899.1179012186303,618.4947751213678
897.7436565757291,621.1615056404598
898.7210086906499,623.997838280236
896.2156514480287,625.6480458692519
895.2611338964766,628.492144363288
893.2144665932992,630.6855784174835
891.1677992901218,632.879012471679
892.4783998382463,635.5775910240386
893.7890003863708,638.2761695763983
890.9296791301394,639.1840693250839
888.070357873908,640.0919690737696
888.4954420671171,643.0617002785564
888.9205262603261,646.0314314833431
891.8133220313471,646.826247579785
890.3074814319122,649.4209429547941
888.8016408324772,652.0156383298032
887.0180237280833,654.4278385754117
885.2344066236894,656.8400388210201
884.4199975659162,659.7273797926784
883.0724905870394,662.4077202452848
882.5083390950803,665.3541983283733
881.7615696450844,668.2597680467853
883.0285538355458,670.9790972032356
881.0811931814221,673.2611547140733
880.1475029428068,676.112158491397
878.1014762374139,678.3061901048472
875.7903495307155,680.2189612217313
873.3115919561304,681.9088608892966
870.8664006192699,683.6469746157665
869.7424139872375,686.4284587611486
868.618427355205,689.2099429065307
867.9787260194556,692.1409465232191
866.7985254077125,694.8990485003116
865.7343048801218,697.7039432699338
864.8324258078895,700.5651692552536
863.0606315036861,702.9860668044267
861.2888371994826,705.4069643535998
861.1600460008002,708.4041985498451
861.0312548021178,711.4014327460903
858.6243634153884,713.1922073975995
859.3909835306232,716.0926028187305
858.4316557382363,718.9350824029586
856.0961675499898,720.8180308681485
853.1562940829615,720.2204156090869
850.2164206159332,719.6228003500252
850.6312182049343,722.5939857969737
847.8560741292657,723.7335363045343
846.1221004617722,726.1816652473066
844.623039617787,728.7802834543601
845.5254023129545,731.6413569533058
842.819675757465,732.9371361809982
840.1139492019755,734.2329154086906
838.7605481137397,736.9102845454295
836.8865006802023,739.2529211405616
835.0124532466649,741.5955577356938
832.822464739759,743.6459114465495
831.7001959603151,746.4280891523557
829.4402819591278,748.4011042833766
827.1803679579405,750.3741194143976
825.8651948976269,753.0704724738883
824.5500218373134,755.7668255333791
824.5299774275366,758.7667585695713
821.698663738785,759.758556329141
819.4322888616213,761.7241465499554
817.1659139844577,763.68973677077
816.4864552672095,766.6117798662009
816.3303445240323,769.6077153521326
814.250910271362,771.7701105955656
812.4803681864188,774.1919241155223
810.9283398986125,776.7592589580875
809.8722921462692,779.5672409994778
807.6847277191152,781.6201808127823
805.214074662959,783.3219074289301
802.7434216068027,785.0236340450779
799.7476874340365,785.1835614227236
800.9062629156149,787.9508168958387
799.0394613502907,790.2992316623787
797.6839443391667,792.9755301570451
795.2057084789844,794.6661948255428
792.7274726188022,796.3568594940405
789.8760758197607,797.2893487939341
790.2680071466561,800.2636369163254
787.8112556004664,801.9853720412195
786.9458540500683,804.8578413894578
783.9488739061982,804.9924148535873
782.1270682352135,807.3759047522796
780.7700026274467,810.0514183359148
779.41293701968,812.7269319195501
779.059209987644,815.7060051289236
776.5815458959532,817.3975076115545
773.5866074556959,817.5717021552958
770.5916690154386,817.7458966990373
767.6218750711117,818.1705423492439
765.9291320178811,820.6473590472939
766.9470968225197,823.4693703258888
767.9650616271583,826.2913816044837
765.0862355993909,827.1353962381536
762.2074095716235,827.9794108718236
759.4356489272577,826.8316552661546
756.4555421930172,826.486743897055
754.6474025834434,828.880617567968
752.9021385490472,831.3207104863305
751.8262959880444,834.121168088926
748.878273490027,834.67719268477
747.7579218807235,837.4601429666707
744.7712472075872,837.7425865837798
741.7845725344508,838.025030200889
739.6610223333317,840.1441183404734
737.3557898914931,842.063989010361
734.7424633822326,843.5372590317746
733.5926480251304,846.3081658588932
730.717356042004,847.1641425009628
727.8420640588776,848.0201191430325
725.6916971054512,850.111989589693
723.2101133980973,851.7977363984978
720.2263865371604,852.1097845026793
717.9631536827037,854.0789917153687
715.6999208282472,856.0481989280582
713.1056688992121,857.5548033647628
710.3420464628992,858.7220184389922
707.5784240265864,859.8892335132216
704.6064593724034,860.2984108516547
701.7103978540239,861.0812439639853
699.0268909143897,862.4224339225426
696.9154221637293,864.5535603183682
693.9448221067544,864.9725296507789
691.4918390555457,866.6996295756481
689.0388560043372,868.4267295005175
686.4818925626955,869.9957858915079
684.302426758587,872.0573214378232
681.447845882976,872.9800175007803
678.5932650073651,873.9027135637373
675.7385451853454,874.824979652113
674.5142607309042,877.5637982979189
671.5542725677051,878.0521322755623
668.5616644994013,878.2626006806097
665.6035390942282,877.7631068495477
663.2771530954412,879.6572895716336
660.4393484141035,880.6303592456948
658.1667774845372,882.5887824303231
655.2646312946167,883.3487478850185
652.3624851046962,884.1087133397139
649.4005680347123,883.6322185647821
647.4310131614559,885.8951488777241
644.4599795548486,886.3110326456331
642.4257357485675,888.5159934472363
641.070351904909,891.1923593856591
638.2155168079255,890.2704501878359
635.8604190603609,892.1288136074651
633.148256207253,893.411066569334
630.3012052078113,894.3567412526044
627.566475972412,895.5901333269475
625.1705281884566,897.3955236494427
622.7745804045012,899.2009139719379
620.578806408729,901.245070658567
617.59699874973,901.5749540997026
614.6151910907311,901.9048375408382
611.6158499785296,901.967709574826
608.6165088663281,902.0305816088138
605.962862443922,903.4299245492152
603.2954921026507,904.8029269026387
600.5417674977756,905.993305330075
598.9064609491656,903.4781964870876
596.0301913879565,904.3308824851324
594.0415452031167,906.5770539726913
591.4313630634167,908.0558877015436
589.3359418774701,905.908980611452
586.343573869866,906.1228350176906
584.1682902713637,908.1887830485199
581.9930066728615,910.2547310793492
579.7547855635464,912.2523211939164
577.0716597128827,910.9103690079202
574.0780320993014,910.7149368938676
572.0819736340867,908.4753497436444
569.0839466111944,908.5841337958194
566.2150532932454,909.4613174312274
563.3461599752965,910.3385010666354
560.6862222273588,911.7258478787544
558.0262844794212,913.1131946908732
555.4781619988119,911.529821132987
552.4905280270957,911.257712237418
549.7781094723371,912.5394242112253
546.97635431313,913.611883081232
545.1586210240156,915.9984801753485
542.3011381873199,915.0848107395076
539.3837354563863,915.7839253978727
536.4663327254526,916.4830400562378
533.4829518742719,916.1677010373902
530.4995710230911,915.8523620185426
527.8468253885012,914.4513121985276
525.6531654258758,916.4977373665644
522.6847354464298,916.9318150751905
519.7707787101818,916.2184735445934
516.8568219739338,915.5051320139962
513.856984004741,915.4739525561954
510.8571460355481,915.4427730983946
508.0621644419345,916.53276295677
505.15513116700777,917.2738146003609
502.24809789208103,918.0148662439517
499.2833812190355,917.5561124444406
496.2833907760201,917.5485400064995
495.570189432923,914.6345489556888
492.61989832907204,915.1784077632282
489.76945757309625,916.1138154265878
486.89878163979546,916.9851475595702
484.17990845606926,915.7171851741602
481.34557684877694,916.7003252150007
478.4753128541035,915.8276370685926
475.60504885943004,914.9549489221845
472.9452929303715,913.5672535673468
470.7698715058065,915.6330564682896
467.92198223063815,916.5762036871166
465.7522899056324,914.5043843864026
463.5825975806266,912.4325650856887
461.12727645867824,910.7087906839429
458.67195533672987,908.9850162821971
455.98791299515966,910.3251344518592
453.30387065358946,911.6652526215213
450.3050458620077,911.7492161218939
447.4934392004004,910.702856728375
445.70996319246024,908.2905521603111
442.8439780666811,909.177191466237
439.9022521914419,908.5887623074182
437.15882430629455,909.8026829963414
434.17921822009794,910.1518929204561
431.1996121339013,910.5011028445707
428.4849534902066,909.2241422154934
425.5360398241504,908.6728635290316
422.5715157691366,908.2128666516024
419.8895915713839,906.8685145409155
416.94320108624885,906.3039057302284
413.95436197964176,906.0453698626663
411.3288357427303,907.4967870939578
409.0432299759252,909.4399819577703
406.9177283712784,907.3228511331296
403.92098349128077,907.1831366950495
401.419024027538,905.5277820980558
398.60182747923204,904.496567470438
395.7846309309261,903.4653528428202
393.5521961907409,901.461298170209
390.76557586403806,900.3501063979184
387.9789555373352,899.2389146256277
384.9795970595021,899.1768765610967
381.980238581669,899.1148384965659
379.1831505140146,898.0302656120693
376.19296731712694,897.7877693253952
373.36832240196577,896.7771353148581
371.81093858901056,894.2130456793061
368.97169870941804,893.2441716389213
366.0824285340188,892.4366334952101
364.4753124521644,889.903418561683
361.8365744261795,888.4761618818173
359.003231848788,887.4901751480626
356.0568272320166,888.0547102083274
353.0622743399856,888.2354115553862
350.0677214479546,888.4161129024452
347.75329119242895,886.5073403669378
345.7187816402702,888.7120559681379
343.2511749987679,887.0059148652939
340.5639801437004,885.6721293462173
338.5682892471731,883.4322146501813
335.96263352319494,881.9454200281505
333.3455738154349,880.4787917569042
330.7285141076748,879.012163485658
329.17628585467156,876.4449495384813
326.2397473640839,875.8311566635658
323.4704183706162,874.6775462761562
320.70108937714843,873.5239358887468
318.08925822638463,874.9998552767555
315.4774270756208,876.4757746647641
315.54647940130167,873.4765694739981
313.09945998614813,871.7410303698977
310.60492002841386,870.0745159237356
307.79325338227295,871.120714122443
304.7981632850135,871.2922813375465
301.9076720051629,872.0954377115532
299.2834551888114,870.6416543367762
296.65923837245987,869.1878709619992
293.67072911625235,868.9255497360912
292.896883890573,866.0270736594789
291.2573012069971,863.5147503077349
289.26465709531436,861.272124738413
286.8959718091131,859.4311114264206
285.0005336701297,857.1057481728003
282.65598199408464,855.2340971801325
282.23025530517543,852.2644580124304
279.29841368308286,852.9003076038949
277.4699181670729,850.5219459518471
275.0899286298928,848.695569812353
272.49499532411,847.1901392631283
269.9000620183272,845.6847087139035
269.16095832286226,842.7771795691915
266.40325269075356,843.9583060004578
263.99134087752793,842.1742988801742
261.5794290643023,840.3902917598906
260.84818224224796,837.4807766653713
258.49984707049424,835.613874975109
257.19226253396215,832.9138337384197
254.22924174001292,833.3834162919973
252.0823667767467,831.2879621903523
249.93549181348052,829.1925080887073
247.08191614425726,828.2667079482791
244.3734266409864,826.9767139131488
241.6649371377155,825.6867198780187
239.3210307809227,823.8142608022079
237.64761184751256,821.3243473351764
234.71073788946666,820.7121616161729
232.43199516629406,818.7609231372606
230.7952960354657,816.2467202904032
228.91937759858527,813.9055816746497
226.1375043302404,812.7825584696943
223.35563106189554,811.6595352647389
221.70820665536982,809.1523470339147
218.88858336588166,810.17690767408
216.52661758491877,808.3272813200397
215.11724982487397,805.6789455186455
213.31240299462198,803.2825883000053
214.20430963587086,800.4182380170796
211.26056048065556,799.8400158182933
208.80714764147606,798.1135264784625
206.35373480229657,796.3870371386317
206.41820166718273,793.3877298813919
206.00921860824792,790.4157384854582
203.4438063508729,788.8605343349653
200.48296624918518,788.3773926453567
199.6080797780133,785.5077979592451
197.08716665357,783.8814532789852
194.21007413110124,783.0315482153726
191.33298160863248,782.18164315176
191.70290909136892,779.2045382396825
191.73939235765636,776.204760086005
189.2697775361404,774.5015270915651
186.31808344492558,773.9653349693855
183.53636467867156,772.8419291186484
180.75464591241754,771.7185232679113
181.42067280444246,768.7933893942057
178.80298499354845,767.3278824768911
178.69417593390475,764.3298563615045
176.92720575592233,761.905435525486
175.16023557793994,759.4810146894674
173.92444274757452,756.7473694892965
172.6886499172091,754.0137242891255
171.67083194076366,751.1916600505185
169.06163834853393,749.7110828663544
166.45244475630423,748.2305056821903
165.37523669429905,745.4305730417235
163.6321721437909,742.9889084511702
161.70192313814763,740.6923591318189
158.9693065603157,739.4542934475525
156.2366899824837,738.2162277632862
153.81174347030677,736.4499790794704
151.3867969581298,734.6837303956546
151.55970192181874,731.688717228149
149.9554401984576,729.153693693158
150.6298945353943,726.2304914512001
149.96158564136553,723.3058781054461
150.2883088115975,720.3237225142616
147.30044389610597,720.0541613027068
146.10207676879847,717.3039038187267
144.90370964149096,714.5536463347465
142.41580468869037,712.8772427598785
140.81356106808437,710.3409432152215
139.95266826043883,707.467119356015
138.67247910112314,704.753981741302
136.1028524881905,703.2057507927326
133.53322587525787,701.6575198441632
134.4285489215704,698.7942356035154
134.9162841351699,695.8341487194164
132.03051112244248,695.0142010875433
131.8367012007972,692.0204680142263
130.83944285464477,689.1910730628224
129.84218450849235,686.3616781114185
128.51624061367858,683.6706053164526
125.72083182118205,682.5817115278611
122.92542302868553,681.4928177392696
121.14059714236349,679.0815117538098
121.01204122331434,676.0842674568468
120.44314065719004,673.138702630559
120.0087335704623,670.170320835203
119.57432648373457,667.201939039847
118.16870710562219,664.5516118593135
119.25895435947915,661.7567306587154
118.16234547431564,658.9643393979891
115.53564450670066,657.5150492176833
112.90894353908567,656.0657590373777
115.90226463286734,655.8656869765555
115.64595808076113,652.876655870771
113.9080119041805,650.4313454431751
114.75636762371687,647.5537956915409
111.77209524371504,647.2470085308607
111.1121761490217,644.3204906702525
110.45225705432837,641.3939728096443
107.78726492479558,640.0163600376621
109.31641022739424,637.4353302734904
108.51512890754195,634.5443186432033
108.40871839108607,631.5462064368328
108.30230787463017,628.5480942304623
106.2090276439754,626.3990996106576
104.11574741332066,624.2501049908527
101.13500313291335,624.5894625232859
100.94782663154366,621.5953073908095
100.76065013017396,618.6011522583331
98.34017111776497,616.8287862265869
96.06678946028714,614.8713042114861
93.06706390252222,614.8307261621009
94.08533614357863,612.0088258018659
92.68557750859509,609.355398628607
91.28581887361156,606.701971455348
94.20796315907049,606.0229480574009
93.90769989887515,603.0380122164527
93.22449559480393,600.1168426084192
92.5412912907327,597.1956730003858
95.03536812754874,595.5284655351741
94.21735395715716,592.6421438592275
94.08049914236767,589.6452670249768
95.19809554888525,586.8612091462431
94.70365292038299,583.9022352553276
92.79598117064647,581.5868975919926
93.14376842331873,578.6071251129468
91.54002359268988,576.0717745418756
89.93627876206101,573.5364239708043
90.13227182908477,570.5428330305323
89.59734893653398,567.5909086583599
87.2613905377392,565.7085435611749
85.61699505695549,563.1993676999053
86.66876731285632,560.3897814097699
88.1156020567306,557.7617271439834
87.1786183119516,554.9118040815097
88.48107871492218,552.2092873102955
89.78353911789276,549.5067705390813
86.80814314147594,549.1233402539934
84.7520113125805,546.9387757888876
84.70214142257629,543.9391903185149
83.86807863642628,541.0574652676539
85.41496416470545,538.487028502744
84.44717409247302,535.6474189563295
84.64642379934078,532.6540430102924
84.84567350620854,529.6606670642553
84.0252593977113,526.7750266343718
83.22262599353517,523.8843900922758
83.25911805112399,520.8846120455308
82.3431355551119,518.0278698333249
84.09166533035476,515.5901160260078
85.8401951055976,513.1523622186907
85.43044000247126,510.1804771678413
86.5001829412375,507.3776839102213
84.70167673964971,504.9765642874515
82.34445887069822,503.12089084681173
81.49411282181087,500.2439286299688
82.69539121755558,497.49494150451386
83.62504329863283,494.6426184147941
84.44881890110572,491.7579358054295
83.11459176287131,489.07096019266356
81.7803646246369,486.38398457989763
83.39560825476543,483.8559442290865
83.8017678221109,480.8835656519443
83.01267064028109,477.989204645154
84.90712131334617,475.66303684223794
86.80157198641125,473.3368690393219
85.95654384505181,470.4583403456469
88.06246741486251,468.3217341774175
87.40398755839922,465.3948921456994
86.5381021143444,462.522568626704
85.67221667028959,459.65024510770866
86.74989001735337,456.8504915190819
87.50692418545698,453.94757931436
84.5072142590389,453.98929690476126
84.07660509386518,451.0203617847446
85.21450331781082,448.24453981063647
86.35240154175648,445.46871783652836
87.26525655121489,442.6109747179632
88.16585636802219,439.7493458164516
89.06645618482948,436.88771691494
91.47067852347253,435.093360499294
93.67091567022695,433.05400851936463
92.58708280244262,430.256633622303
93.5971205964598,427.43177545689775
93.22012116022275,424.4555578195135
92.49220863374774,421.54520674897225
91.1709359940064,418.85183737002126
90.9054800742604,415.8636049234616
92.3349876498102,413.22608561709706
92.17435609877528,410.23038911965074
94.52718153707563,408.3691496248821
96.81498495158992,406.42854262279826
99.51242557085544,405.1156016090675
98.28102173244854,402.37997652752637
96.88767532180464,399.7231766141069
95.68092486912445,396.9765872117833
94.98213255666059,394.0591072540044
97.05403038205985,391.8894899142171
98.74889373239417,389.41412363350355
100.40267003954655,386.911120651903
100.65014297390024,383.9213452177337
102.47137252956497,381.5374150791656
102.72362677599331,378.54803925883806
101.71862428481312,375.7213857617285
100.71362179363292,372.894732264619
102.39659851595106,370.4112690874941
105.20648020498169,369.3602862647751
106.90499265631976,366.88742244874123
108.39229779162297,364.28205809140064
109.02939275970961,361.35048684006824
108.26882414605952,358.4484986622959
109.25369095239638,355.6147666047831
110.3382227783111,352.81766261698107
111.6949185787844,350.14196149298044
113.05161437925769,347.4662603689798
115.66443120977418,345.99208663085744
118.13652750063513,344.2924572804661
118.00688838962797,341.29525963918564
118.94544570899698,338.4458544103249
119.47434407950954,335.49284467216467
121.75700902447709,333.5461960780377
124.03967396944464,331.5995474839108
122.73567806575039,328.8977712749792
120.90741141571569,326.51923368722265
121.22342567484829,323.5359242852288
123.90755839874218,322.19598715218046
125.48460345726701,319.643943092337
127.06164851579184,317.09189903249353
128.47368029951483,314.44498266778606
130.95489599580276,312.75869423798105
133.4361116920907,311.072405808176
135.41947215235183,308.82156567954115
138.41678236810313,308.69455595332767
137.80849117947395,305.7568728816135
137.2001999908448,302.8191898098993
136.6533108989875,299.8694589202743
139.63958799036206,299.5828422188566
141.09217090766936,296.95796072279876
143.44731702948224,295.0996586093334
144.05144475339003,292.1611165059757
144.6555724772978,289.22257440261797
147.06317949484787,287.432761996514
148.6489846655284,284.88615210086
149.3438451272311,281.96773319008616
149.11247265066302,278.9766687011313
148.92054371372805,275.9828144489729
149.06755939073653,272.98641888251075
150.88890380412496,270.6025764951414
152.7102482175134,268.2187341077721
154.16003152076212,265.592305282614
155.39924000722166,262.8602067618636
157.7299591662356,260.9713583820815
158.4936341239196,258.0701861088433
161.31494386364446,257.0502785872838
162.7228730127129,254.40117769996309
164.66632583296615,252.1157912697396
165.15119274697113,249.1552332014519
167.44402027517305,247.22056477355022
168.38259796158314,244.37116625341073
169.32117564799324,241.52176773327125
172.1874202239992,240.63596751283976
173.75127197163903,238.07581757359716
174.94007252605792,235.3214114231151
177.31350211123308,233.48651850955986
179.6869316964082,231.65162559600458
182.43034442197634,232.86558054458825
183.53386486523655,230.07591342621967
184.63738530849676,227.2862463078511
185.69393035153274,224.4784513416835
187.31935404498165,221.95694428899162
190.17949761641918,221.05163840103737
192.9330412605512,222.24243536100167
195.48702617672944,220.66853541248716
198.0410110929077,219.09463546397265
197.7039139696045,216.11363470425107
200.69198787549783,215.8464001014775
200.0732783251421,212.9108935877224
199.4545687747864,209.97538707396728
202.44935478505465,209.79859128017802
205.36671859185947,209.09931421152407
205.32469245471944,206.0996085920012
206.11814502099608,203.20643852699138
207.46931030778427,200.52794037172254
210.40829313465224,201.12992039080558
212.9082638820388,199.4715638964982
215.40823462942538,197.81320740219084
217.64229444519262,195.81096447497796
220.15513060544814,194.1721678336242
222.66796676570365,192.53337119227044
223.84615226834464,189.7744078142303
223.50392593331878,186.79399154538214
223.16169959829293,183.81357527653398
225.11520730072502,181.53677760073174
227.75874319083948,180.11842715120358
230.40227908095395,178.70007670167544
233.2119776519985,177.64860442915932
236.02167622304304,176.5971321566432
238.72025960747902,177.90772275528414
241.55907254386034,176.93759847858857
244.06087033629973,175.28199955199273
246.0237056846207,173.01323834918145
247.98654103294166,170.74447714637017
247.89378280838685,167.7459115039709
247.80102458383203,164.7473458615716
250.27564611301116,163.05139530588812
252.07587870682164,160.6515697688579
255.04250330961673,160.20532043710404
257.9876630716671,159.6343265877505
260.9826303750229,159.46062900046246
263.1079152232643,157.34328058467548
265.82810263113936,156.07814009206695
268.1619302888708,154.1931338682025
270.4957579466023,152.30812764433804
272.3125249339343,149.92079488291984
273.84630642281013,147.3425174842713
275.8797199349203,145.13679096251752
278.29132096241165,143.35236374791825
280.455395436565,141.2746771328779
283.2469953603077,140.17605532999954
286.2353979644176,139.91252188667718
289.1891555703218,140.43722752373742
292.134019536201,141.0097449666737
294.65632098501834,139.38555427550043
297.1786224338357,137.76136358432714
298.9095585077978,135.31108598620548
301.8958571696159,135.5974778548458
302.99705073446006,132.806891405236
304.3471558375304,130.12785870467718
306.9651864587103,128.66296428303298
309.58321707989023,127.19806986138877
311.8560730695611,129.15616221115607
314.84018048321775,129.4645498629182
317.1870894106,131.33324418960024
319.5048942302468,129.42857077454403
321.82269904989363,127.52389735948782
324.5104052172869,126.19114248414276
326.554662360684,123.9954620129289
328.5989195040811,121.79978154171502
330.07390392822134,119.18742227305695
332.47525135976264,117.38922025074966
334.87659879130393,115.59101822844235
337.17799501195356,113.66655065646829
340.168505256597,113.90497984235532
343.1590155012404,114.14340902824235
346.1587101664503,114.18620991037157
349.1551300095053,114.03968986346193
352.00936654307213,114.96345055241345
354.8851322345073,115.81783435841886
357.8570371013836,115.40822300330657
358.00095235137803,112.41167692476564
360.1563031435954,110.32494192422342
362.3127074726903,108.23929565281003
364.46911180178523,106.15364938139665
367.0004381889622,104.54356033988944
369.93506682538697,103.92070019003576
372.8696954618117,103.29784004018208
375.82516008912467,103.81284376512178
378.8203048883049,103.64223417587384
381.81544968748517,103.4716245866259
384.37367801286973,101.90463133992696
386.9319063382543,100.33763809322805
389.9206900459498,100.07846257622523
392.52085031218473,101.57484708225743
394.7410905080092,99.55729077007055
397.70384208359644,99.08601261297494
400.343585504792,97.66061629255914
402.67877555654496,95.77729809793722
405.619587096432,95.18431623744974
408.6195867691147,95.18291484398203
411.61848558267803,95.10163811909476
414.5652325745834,94.53889291414238
417.5174969987465,95.07193584845534
420.31475734541965,93.98780737224513
423.1120176920928,92.90367889603492
425.9965693482155,92.07944486181893
428.8811210043381,91.25521082760295
431.8807710254837,91.2093877914595
434.5609541049183,89.86156782547289
437.1206164428252,91.42621753575986
439.9720895223866,92.35847355024116
442.6327844987563,90.9725795273371
444.94446451623,89.06047715120432
447.2561445337038,87.14837477507153
450.25192598612466,86.98933550529566
453.17244425505265,87.675318771023
456.10384117717473,87.0374221610828
459.0968979413315,87.24141041205608
460.82707848711897,84.79059926490937
462.62879707025945,87.18930936560231
465.6280263466567,87.12131122149849
468.627255623054,87.05331307739466
471.37657302374856,85.85279076180115
474.23981981595824,86.74823356114742
477.0080991558272,85.59210662328354
479.23416783316526,87.60323025045678
482.1504154602251,88.30714770134709
485.0666630872849,89.0110651522374
486.906934525025,86.64180344541016
488.7472059627651,84.27254173858292
491.5847382415339,85.2464054697821
494.57030186180435,84.95244991307761
497.47669417163655,84.20888838815304
500.38308648146875,83.46532686322848
502.92326632976835,85.06141155342904
505.9178082843728,84.8805290442869
508.8646073637368,85.4430014310398
511.72701452758173,86.34112460097212
514.5894216914267,87.23924777090444
515.9487849039323,84.56490081202153
518.7641932605525,83.5288140466041
521.5796016171727,82.49272728118666
524.554933929567,82.87665127213019
527.5302662419614,83.2605752630737
529.7946404370081,85.22846995151785
532.7030580913829,85.96406953534083
535.6766437230792,85.56684354050984
538.6473555567327,85.98501958165923
541.6180673903862,86.40319562280864
544.6160133447196,86.51419136549968
547.6159400642875,86.4932228838639
549.7961585854798,88.55396236275249
551.9763771066721,90.61470184164106
554.9706919744527,90.79930539682796
557.9281426546327,91.30277880655633
560.9047178569854,90.92861298136764
563.8812930593381,90.55444715617892
566.6753667857693,91.64676213422632
569.4694405122005,92.7390771122737
572.3445530843727,91.88249804567363
575.2196656565449,91.02591897907355
576.3587063958099,93.80127232491883
579.2107048288939,92.87062473442789
582.0627032619778,91.93997714393696
585.058901282296,92.09096529923832
587.8566039144093,93.17395190223317
589.5007392541662,90.66460557608319
592.3882192670574,89.85068962516794
593.9771430229525,92.39535488762432
596.9505357594919,92.79402221045699
599.3087065364708,94.64848455480447
600.5979228554024,97.35734433024513
603.5978302632877,97.3337743468959
606.5610552206869,97.80206683225818
609.2032192801623,99.22297115092863
610.7136848266965,101.8149769056933
613.0438080112616,103.70456044307721
615.7428823023168,105.01413975391141
618.4389751628667,103.69843337052167
621.2875240201545,104.63958660333988
624.285713561603,104.53537780549169
626.7895279204214,106.18792543160563
629.6410062875415,107.12016527298037
632.6146720547281,106.7235396244619
635.3844067828709,107.876175532162
638.1541415110137,109.02881143986208
640.7981784519037,107.61139525002616
643.4014649364601,109.1023343766594
646.0047514210165,110.59327350329262
648.9538769679007,111.14341758325288
651.6258255102038,112.50748905765757
654.3860919650033,113.68261845415341
657.1028635043896,114.95507764909081
659.9519055887627,115.89473673698984
662.3384190063163,117.71257988419386
664.2336094402198,120.0381450239482
666.1287998741233,122.36371016370255
668.2094807657905,124.52490590380818
669.0016068194897,121.63137236934705
671.8569253217785,122.55178328328017
674.7122438240673,123.47219419721331
677.628631182356,122.76885588856408
680.0653027303525,121.01881824120217
682.8046124399951,122.24200355613111
685.1422443158352,124.12229002713921
686.903812766255,121.69394149480578
687.9056899354676,124.52170423906324
689.5368633633946,127.03949558228953
691.1680367913214,129.55728692551585
694.0600219983075,128.75952658395158
694.5797678798825,131.71416094687805
695.6040558617317,134.53388329672728
698.2428209072779,135.96109002120824
700.881585952824,137.38829674568922
702.8708399776993,139.63392993579785
705.2017605336887,141.52252977739113
708.192971320414,141.2930564033839
711.1450060587595,140.75874291525005
713.9588445623875,141.79908558740198
715.4372740744027,144.40949670023508
715.2813165417539,147.40544016565798
717.59573655259,149.3142251230173
719.7570030901758,151.39483247509315
722.3604418433962,152.88550569824773
724.9638805966166,154.3761789214023
727.944923829919,154.0394576105503
730.785468316544,155.00450010676724
732.6962263274208,157.3172914557371
734.6550752649404,159.58949541664788
737.310675722838,160.98512653123865
740.0428446678575,159.74607332177928
742.7674725327059,161.00162220497404
745.4921003975544,162.2571710881688
746.9318241237363,164.8891276972847
748.955090208457,167.10416592504038
751.5449136698552,168.61837015128978
753.7195682616529,170.68498027571414
755.1974284924977,173.295713724017
758.0768938912153,174.13754447754656
760.7075799914,175.57958838890792
763.3382660915848,177.0216323002693
765.8885176056641,178.60157445583582
765.1620954005608,181.51229786762417
766.7376614861521,184.06525527226972
768.3132275717434,186.61821267691528
771.2899979110111,186.2456024955524
774.0922009173485,185.1743143404448
776.5279351975769,186.92565625912323
778.9636694778053,188.6769981778017
780.4423532123952,191.28726529307156
782.240666055217,193.68852973484846
784.374735863375,195.7970235228186
786.508805671533,197.90551731078872
788.9802303928672,199.60612304016232
788.7156052836281,202.59442917433938
791.6893804658225,202.99023362828655
792.3850824780964,205.9084520419969
794.5283364320228,208.00760960849325
797.4981158162668,208.43235707336984
800.1075124394883,209.9125764026316
802.6994765630592,211.4231133873233
805.29144068663,212.933650372015
808.1212185863859,213.9298215611452
808.8988012002295,216.82729723466656
809.6763838140731,219.72477290818796
811.3953081576138,222.18349190416598
813.3419861615312,224.46613176824098
815.2886641654485,226.74877163231596
815.3649902743941,229.74780052932468
818.1759081888672,228.69959230664438
820.6915875708861,230.33402102851778
822.6097478118015,232.64067689582248
823.3066474504834,235.5586095361699
821.4469483662483,237.9126527210107
821.3281013021542,240.91029769254354
822.3544323992949,243.72927702539474
825.035843294646,245.07465266449773
827.8615044901071,246.08244173392933
830.7449167757235,246.9106528127954
832.0061027252398,249.63267595757995
834.670226550818,251.01196716758096
836.4103105406946,253.4557567878583
838.1503945305711,255.89954640813562
839.9122164858449,258.32771102321334
841.9084217154619,260.56716735930235
843.6723737873787,262.993784982246
845.3338454559572,265.49168648040614
847.5416479538658,267.52284578736084
849.7494504517744,269.5540050943155
850.4378495612752,272.47395486546543
851.126248670776,275.39390463661533
854.0400951269143,276.1076965040742
854.6861642653091,279.0373030763658
856.9392130154363,281.0181542392628
858.5332599704332,283.55961332909
861.483961026842,284.10124353107983
859.9153958685774,286.6585083480822
859.0869034794656,289.54183981726567
857.5120638702439,292.09524542649154
857.3188370513907,295.0890161920105
859.5005910407573,297.1481299649437
861.4189254144968,299.45464101640846
863.3372597882363,301.76115206787324
865.5607786422224,303.7750944468822
867.7453382717216,305.83123141341974
868.3730713170512,308.7648215729003
870.8548699741136,310.45025191136074
873.336668631176,312.1356822498212
871.384360594826,314.413508698698
873.8070991255948,316.18278482512034
874.6041427018587,319.0749676577809
875.4011862781226,321.9671504904415
876.3720079503751,324.80572500605405
877.9090350385302,327.38206887484904
878.8100667956909,330.24356180207917
879.7110985528515,333.1050547293093
882.5947120371279,332.277544443392
882.2318669556927,335.25552084472196
882.7598652522348,338.2086916489337
883.1101998933096,341.1881657030686
883.4605345343845,344.16763975720346
885.7789243444485,346.0716010720918
888.0973141545124,347.9755623869802
888.2136573548336,350.9733055814081
888.3300005551548,353.97104877583604
890.2855643340047,356.2460807111835
889.7087017663987,359.19009660415946
891.6513132256388,361.47619824635063
891.9088520745631,364.46512342796603
893.2343014344322,367.15643983344916
893.4895802183505,370.1455588913793
895.5802687897672,372.2970749376471
897.6709573611838,374.44859098391487
899.229707349244,377.0118503298888
901.7260472849188,378.6756673046655
901.4454798991609,381.6625188145416
901.164912513403,384.6493703244177
902.8473459206961,387.1332016049246
903.1144470741389,390.12128744268585
901.1197677023861,392.3621029647456
901.9716827684814,395.23860096060093
903.9341192587378,397.50770717709014
905.8965557489943,399.77681339357935
905.928317357894,402.77664525556764
908.7629275428901,403.7589818064078
910.3652307826154,406.29524368720126
909.9879885645361,409.2714305611893
909.9880355414601,412.2714305608215
911.0359423833518,415.08246084360337
912.0434821269353,417.9082109502299
910.8441734803553,420.6580579951104
908.849429277045,422.8988158051739
906.8546850737349,425.1395736152374
908.1199726372635,427.85969261660114
910.2912412959862,429.92985985903556
910.2581208028139,432.9296770256195
908.6926618076727,435.4888444946476
907.8654584884671,438.37254605144835
907.0382551692614,441.2562476082491
908.9990198843318,443.52679858370306
911.973407361255,443.91797518975517
911.4013782228732,446.86293404597745
912.7521041115864,449.541653809887
914.1028300002997,452.22037357379656
913.576736073376,455.1738842272485
913.3500306672452,458.16530607293174
913.3856354115773,461.1650947825213
913.6974130785194,464.1488499142967
914.4793745087712,467.04514691591766
915.2613359390232,469.9414439175386
914.6479254839082,472.87806231521233
916.3097121545657,475.3757542620355
917.9714988252231,477.8734462088587
919.6332854958805,480.3711381556819
916.9625491994406,481.73758158110365
916.8621811831408,484.7359021545754
915.730442590423,487.5142411831594
914.6191679411135,490.30082846042205
914.9601545641192,493.28138681800056
915.3011411871249,496.26194517557906
915.257530047302,499.2616281702442
917.8738365781509,500.72959960615066
920.4901431089997,502.1975710420572
920.9310894635651,502.2747730370098
