963.7724248094543,499.5407991408535
962.8354956326731,502.39074014334744
964.4666732671336,504.9085287613287
965.0006496570543,507.8606244940256
965.534626046975,510.81272022672255
965.2160727478737,513.7957595820834
963.2281970441611,516.0426129788561
961.2403213404485,518.2894663756289
961.033709361222,521.2823431672861
961.5434641938652,524.2387176379168
962.0532190265084,527.1950921085476
962.6220338807148,530.1406734877721
961.8624386778328,533.0429166078017
961.1028434749509,535.9451597278312
960.9784547925772,538.9425798611621
959.2430471445153,541.3896925056982
961.5492005001597,543.3084568737878
963.0224087166407,545.9218182247864
961.5026823498953,548.5084051207207
961.8379903907415,551.489607649524
962.1732984315878,554.4708101783274
962.5348316876671,557.448946122966
961.7604687016819,560.3472839165878
963.4478700940297,562.8277428541844
962.7883100489735,565.7543416560303
962.1287500039174,568.6809404578762
960.4387926726218,571.1596587190751
958.6543877829531,573.5712762653967
957.0552764383746,576.1095518429572
955.4561650937961,578.6478274205177
955.649063013775,581.6416193960009
955.9093124680821,584.6303097816938
955.8640852336785,587.6299688451988
955.3112745422445,590.5785957017944
955.3349856215934,593.5785019977836
955.3586967009422,596.5784082937729
956.0140621772887,599.5059492571777
956.0802111277436,602.5052198879067
954.0210427845506,604.686922373213
951.9618744413575,606.8686248585192
953.4952697724331,609.4471319379425
951.5463058044242,611.7278203102114
951.1159507183457,614.6967922703159
950.6855956322675,617.6657642304203
949.3688892406763,620.3613688524565
948.5510347271526,623.2477357720821
947.7331802136289,626.1341026917078
947.4884101975401,629.1241006246877
946.8329997268661,632.0516315152046
945.3660657003852,634.6685198509867
943.8991316739043,637.2854081867688
942.7050341667651,640.037522127623
942.7451704649976,643.037253628535
940.0962629704055,644.4455465970234
937.149193426606,645.0066001631014
937.9255651023262,647.9044005394454
937.8027812202647,650.9018868393817
938.9048451917553,653.6921296608477
939.5772848215012,656.6157960139645
938.891038103278,659.5362523895552
936.4808666505731,661.3226100157227
935.5700195140948,664.1809937362839
934.6591723776165,667.039377456845
933.0823464381673,669.5915569091328
931.5055204987179,672.1437363614206
931.0106101641335,675.1026320609546
930.6907511159383,678.0855316887141
929.2570082118413,680.7207510884892
926.9694337843114,682.6616280136217
927.1847022209374,685.6538946294487
924.3691198182613,686.6895083285376
924.4307432801361,689.6888753532525
924.4923667420107,692.6882423779673
923.3564559058815,695.4648782151567
922.2205450697523,698.241514052346
919.5208290859688,699.5497699932473
917.3094256179331,701.5770081888129
916.3147332791536,704.4073062563622
914.6788342306484,706.9220297606663
912.5688575984697,709.0546334771733
911.5581267323951,711.8792437363709
910.5473958663205,714.7038539955685
908.3220095227775,716.7157326255988
907.6752893077357,719.6451955394203
907.0285690926939,722.5746584532419
906.7695629910957,725.5634568471345
906.4501941191617,728.5464089962041
903.9238296997937,730.1642726556489
901.3974652804258,731.7821363150937
900.3818306096359,734.6049870400683
898.1153446275673,736.5704491468225
897.9192585357907,739.5640339952295
896.5810498801558,742.2490288916833
894.302470295507,744.2004578748703
893.4114592718159,747.0650868832519
890.8555421257159,748.6358470629966
888.5810259753292,750.5920107273228
888.3286023848021,753.5813722529575
887.2008763224856,756.3613423837992
885.2612933042586,758.6500139887713
883.3217102860317,760.9386855937435
883.1347613227354,763.9328549418469
881.4380080965765,766.4069261796085
879.7412548704175,768.88099741737
877.8308797277874,771.1941050271498
876.1660205524987,773.6897500192224
873.4514204889539,774.9668351749588
871.106407611316,776.8379082905029
868.761394733678,778.7089814060472
866.8706635558283,781.0381734576195
864.6246315808249,783.0269772104475
866.1660503835956,785.6006959352629
863.6665539149614,787.2597671824627
860.9824490648765,788.5997601502618
859.8581244955159,791.3811077126372
858.7337999261553,794.1624552750127
856.9114069480263,796.5454961544914
854.639282589296,798.5044374242758
853.8657536329459,801.4029979210893
852.5268677083645,804.0876551582348
850.7551782456557,806.5086294347868
849.4588838531852,809.2141092162766
847.5706429915911,811.5453205856307
845.682402129997,813.876531954985
842.6844067592425,813.9861848479471
839.6959050013064,814.2485914843207
837.2255275432783,815.9507181584748
836.4852637523796,818.857952156605
833.4906166646646,818.6788186308768
832.9009523211113,821.6202971641899
832.3112879775581,824.561775697503
830.9929726016225,827.2565937933254
829.6746572256868,829.9514118891477
827.6374200557397,832.1536073194821
825.8470043196156,834.5607657047655
824.0565885834916,836.9679240900487
821.0627510834819,837.1601141614256
820.209356283064,840.0361734992383
817.884969666069,841.9328091666068
814.9411802405942,842.5108263103516
812.2348315684472,843.8053056901673
810.3113219984407,846.1075026700308
808.3878124284341,848.4096996498944
805.6262336883224,849.581741825826
804.0225334442044,852.117120599701
802.4188332000864,854.652499373576
799.5561820288167,855.5498444976104
797.0237756931263,857.1582344226457
794.4913693574358,858.766624347681
794.0389521151208,861.7323145942942
792.8629922601172,864.4922273500565
791.6870324051137,867.252140105819
788.6896856570875,867.125995458304
785.6931056429738,867.2692023681047
782.6965256288602,867.4124092779056
780.0019551138416,868.7312306227408
778.4335397528589,871.2885873157802
775.573698965974,872.1948492391058
774.7935778936084,875.0916424855166
772.0133584272423,876.2187537128758
770.8571691917891,878.9870070343444
767.8762078596931,878.6495614290267
765.881928199334,880.8907326934057
763.0694420689714,881.9347258765818
761.1495934945766,884.2399767200681
758.6871157457659,885.9535120528267
756.2246379969553,887.6670473855853
753.9418209339891,885.7205771810791
751.6853865711946,887.6975708498601
749.3429680543812,889.5718908577803
749.0530346430832,892.5578477591795
747.770482775276,895.269869275758
744.8739028371041,896.0507819864881
741.9773228989321,896.8316946972182
739.4110299272701,898.3854451223501
736.5104260721982,897.6196140209038
733.6098222171264,896.8537829194573
731.891204866957,899.3127165102028
730.1236093334575,901.736681450121
727.2383843376931,902.5585553600466
724.3531593419287,903.3804292699722
723.9256302684909,906.3498094900459
720.9769211744915,905.797437623487
718.0001679761165,906.1701847173243
716.0909114901397,908.4842157609266
713.5699451755877,910.1104779909789
711.3534441016081,912.1321414122851
708.4565544312676,912.9119043492564
705.559664760927,913.6916672862276
703.1291468667487,915.4502413580478
700.7515250119577,917.2796987408858
697.8056259953311,917.8468662503907
694.8597269787044,918.4140337598956
692.6273996547724,920.4182080833581
692.4224079972583,923.411196292548
689.4515809220314,922.9938397434212
687.2559197864373,925.0381176544796
684.2929409711002,925.5079650125261
681.3399334875243,924.9790540540987
678.3869260039484,924.4501430956713
677.0894224347095,927.1550431839947
675.2883633830652,929.5542485300396
673.487304331421,931.9534538760845
670.487548755767,931.9151591462584
667.6207586968221,931.0311259127568
664.6227988068047,931.1417446175337
661.6248389167872,931.2523633223107
658.6558109278419,931.6823316942398
655.6867829388966,932.1123000661688
654.949798316898,935.0203670645266
652.6849451757421,936.9877105142059
649.7238439652853,937.4692493199431
647.3087289151772,939.2489176302586
644.4193820900882,940.0561814807734
641.5300352649992,940.8634453312882
639.8051042850713,943.3179540630887
637.0824367467899,944.5777482827885
634.1560411405023,945.2382093001855
631.2296455342148,945.8986703175824
628.5892863095821,947.3229256194497
625.6437822859178,947.8921409096322
622.6982782622536,948.4613561998146
620.0122974439457,949.797584864259
617.326316625638,951.1338135287033
615.4247745728557,948.8134390284339
612.4550816139351,949.238790329993
609.4551513400556,949.2592439815282
607.9674664079088,951.864391490339
606.4797814757619,954.4695389991498
603.4810571521177,954.3820608259603
600.4823328284735,954.2945826527706
597.5786027280861,955.04847356272
595.0987954875978,956.7368325441046
592.104298188836,956.9184528285106
589.1098008900741,957.1000731129167
586.1677123066163,956.5134601510014
583.2256237231585,955.9268471890861
580.3304278977686,955.1408184792764
579.6264264624565,958.057045833081
576.6658816806465,957.572097799888
574.2510544780652,959.352156670171
571.41072980425,958.3864674099445
568.6093531940194,959.4599147014559
565.8079765837888,960.5333619929671
563.087207966545,959.2694719141148
560.3664393493011,958.0055818352624
558.1675603080009,960.0463980841519
555.173725353389,959.8541683659913
552.3565135830469,960.8853414072629
549.5393018127047,961.9165144485345
546.5940925958976,961.3457757436669
544.1367099333571,963.0666099744531
541.1601598633792,963.4409756792326
538.1836097934014,963.8153413840122
535.2476634806485,964.4319605927891
532.3117171678956,965.048579801566
529.3117619782237,965.0321828518435
526.3118067885517,965.0157859021209
523.7738099380158,963.416232218536
521.23581308748,961.8166785349512
519.2598964019388,964.0740560514068
516.3561271976807,963.320315772264
513.6596794339391,962.0053368912882
510.67039031849737,961.7520572349765
508.1372004902326,963.3592128882896
505.4600857050937,964.713117030831
502.9347673446968,963.0936210664512
499.9524729341194,962.7681674620179
496.97017852354196,962.4427138575845
493.9763540670135,962.6351070058307
490.9825296104851,962.827500154077
487.9871381169308,962.6612780125233
484.9917466233765,962.4950558709695
482.0324635348236,962.9876445450218
479.1959648408878,963.9645146281447
476.4837432752868,962.682385859616
473.5426232437877,963.2738357394155
470.587399245373,962.7574530139167
467.63217524695824,962.2410702884179
464.800037077769,963.2305112369446
462.764721035533,965.4344823366229
462.2398927038533,962.4807465288252
459.2692433060837,962.062127184395
456.2985939083141,961.6435078399646
453.687602949515,960.1661026101549
450.76115735557585,960.8263421013352
447.8347117616367,961.4865815925154
444.9377137684078,960.7072211962753
442.04071577517885,959.9278608000351
439.0518865389656,959.6692108497995
436.3627532002931,958.3393379660846
433.36546089081884,958.2119063704489
430.46306699386076,958.9709252548652
428.2777759523714,956.915565660053
425.3018615112534,956.5361803161808
422.4126548243281,955.7284150531084
419.4734485990582,955.1275267395804
417.2452025004875,957.1362376008555
415.0169564019168,959.1449484621305
414.0912850310365,956.2913310187557
411.64647404533423,954.5526823353841
408.70216458636213,953.9773200062318
405.72274224461074,953.6265458488704
402.89768584069685,954.6360290407587
399.9032886202033,954.4527661533523
396.9033369442944,954.4697938428973
395.03259146121724,952.124519586537
392.0446049527492,951.856309547178
389.18876332337356,950.9375230714802
386.91298608497334,948.9828266855471
384.4104512224068,947.3283420946128
381.45494995770343,947.843135523414
378.46769337652233,947.5669143834007
375.63240245990147,946.5865443419739
372.79711154328055,945.6061743005472
369.99506978382345,944.5344644618974
367.2729264831448,943.2735378777656
364.5507831824661,942.012611293634
361.91244455812364,943.4406061477224
359.34920264526727,941.8818274924361
356.8181447018032,940.2713164906644
353.97687769673274,939.3084033035608
351.4304744152947,937.7222663837832
348.8840711338567,936.1361294640056
347.26443182872174,938.661355893707
344.29860985700594,938.2098029819814
341.80971839529167,936.5348643885382
340.5458594936088,933.81408128865
337.60751353439707,933.2090002825161
335.0648706629662,931.616842241252
332.11713412300594,931.0593036408096
329.19687340721606,930.3722247866637
326.2766126914262,929.6851459325177
323.2776030369444,929.7622244141143
320.2809771640692,929.6199803350983
319.2205546874194,926.8136474662076
316.39009318668025,925.8194202824949
314.65916208587146,923.3691391712235
311.68863951784783,922.949620789192
308.755810124113,922.3183429207021
305.82298073037816,921.6870650522123
303.60411325955806,919.6679991427046
301.385245788738,917.6489332331968
298.4020664207018,917.9661726666268
298.18136800136597,914.9743016453923
295.2859211771767,914.1891980291146
292.84562691167935,915.9341805212275
289.85052588084534,915.7628042828013
287.75844779686463,913.612639337843
285.666369712884,911.4624743928846
282.6671125387428,911.5292306911833
279.6678553646016,911.5959869894822
277.72856125273836,909.3070705760471
277.7544886288074,906.3071826162775
277.4908737371458,903.3187871958396
274.65306667329463,904.2918499216473
271.8152596094435,905.264912647455
269.53339420327745,907.2124984011878
268.0770210418563,904.589717965335
266.80629139206997,901.8721370268617
264.91474666054637,899.543605616585
261.92963076413264,899.2451377205256
259.08801196287146,898.2832632025561
256.9377676824783,896.1912666598638
254.9041350846043,893.985742128859
252.87050248673032,891.7802175978541
252.31961710493147,888.831230433399
249.41590203012873,888.0772816524044
246.66629171895218,886.8774303546713
244.7746923040213,884.5489433666396
242.88309288909042,882.2204563786079
239.88531521807346,882.3359078192751
237.25520364553242,880.8928163058964
234.26046636512618,881.0704356216959
231.2940529798541,881.5180868561168
230.44290171252248,878.6413627608794
227.62015007039236,877.625452741807
225.38563849639743,875.6237139911997
223.25091235869803,873.5158847009053
221.11618622099866,871.4080554106109
219.23398986624605,869.0719610456171
216.7466138940138,867.3947726922227
214.2592379217815,865.7175843388284
211.4588193226962,864.6416402557567
211.43340545038618,861.6417479018389
209.4631283252899,859.3794464077134
206.46522676803775,859.2672579367139
206.42772953965778,856.2674922862233
203.4643735886332,855.8000294454248
200.84174437712204,854.3433839776021
199.75268978236423,851.5480378291552
197.29230146845,849.8315037209143
194.83191315453578,848.1149696126733
191.84176689237293,847.872018319461
190.01389982329835,845.4931736465593
187.43921092180008,843.9533759129262
184.86452202030185,842.413578179293
182.89233000719656,840.1529458200971
181.13609565283681,837.7207367639988
182.03200984205876,834.8576374353777
179.6013878698192,833.0992072183755
177.17076589757966,831.3407770013733
176.21860367188054,828.4958891132569
173.9446323772005,826.5390921000306
171.5254790466266,824.7649170344937
169.1063257160527,822.9907419689566
167.11945435531334,820.7430003922015
165.13258299457394,818.4952588154464
162.33457296779935,817.4130666467125
159.38351746006003,816.8733710007773
158.30235912597743,814.0749613351558
155.84307667322915,812.3568432316471
155.25033790420486,809.4159826855321
154.65759913518056,806.4751221394171
151.87450779325698,805.3551209865113
149.59997241241228,803.3989796824932
148.34149228457173,800.6757044911417
146.03211289508704,798.7608241200941
143.53066225030693,797.1047007334682
144.2103692357868,794.1827153786298
141.41520185433697,793.0932020424659
140.34903578622638,790.289046213128
137.9066694183756,788.546965122825
136.30541047636444,786.010043799522
133.63002741827356,784.6527208856654
131.02645243122814,783.1622856180904
129.05089944390602,780.9045898028215
127.07866241150519,778.6439967195739
125.10642537910435,776.3834036363263
124.33916587746863,773.4831772904785
122.40114231769775,771.1931850018947
121.42186908752753,768.3575150738756
118.47397998389141,768.9142464567376
116.60813713348011,766.5650699079084
115.90719469246541,763.6481057849916
115.14467098310698,760.7466307131244
114.38214727374854,757.8451556412573
111.60382960131807,756.7133646220932
111.12476736845451,753.7518617304783
109.36641874331414,751.3211807328015
109.66093663067096,748.3356725325068
107.38850999945063,746.377081915323
105.60981090891934,743.9612529591791
103.3358310591406,742.0044658877786
101.4424226288442,739.6774496617753
99.5490141985478,737.3504334357721
98.50291473341179,734.538730053649
97.45681526827579,731.727026671526
100.0729247904261,730.2587041701271
97.14005324676727,729.6276221561255
95.96554019683705,726.867093385121
94.79102714690686,724.1065646141166
92.60225391002588,722.0549136405069
91.61196483405112,719.2230719171747
89.72463592031474,716.8911221811438
89.5341313248762,713.8971769580115
87.0622266832348,712.197268889135
85.72672904894273,709.5109245201457
84.39123141465066,706.8245801511565
81.39736357773248,706.6328632372788
83.87599550880473,704.94277928958
81.62145243619605,702.9636290846304
81.04936399629689,700.0186817477611
79.23855298079219,697.6268281849093
78.12614914059853,694.840691487559
75.96507018444122,692.7598892996386
74.99444278312298,689.9212483487944
74.72474372519594,686.9333958728255
73.40776638051412,684.2379236185452
71.46028600836665,681.9559682727726
72.65132445732752,679.2025290754964
72.13682064843763,676.2469773790042
71.62231683954774,673.291425682512
70.24350361498325,670.627054444909
69.87728168731398,667.6494914313535
67.11224392338896,666.4856331220784
64.34720615946394,665.3217748128034
64.37714178454115,662.3219241734629
65.1531735423365,659.4240327484966
64.42975210143601,656.5125620859542
63.13369365609772,653.806969266207
61.285481374474884,651.4438968250706
59.643863703846485,648.9329027144681
58.645068958052114,646.104049756859
58.692050379201305,643.1044176550728
58.739031800350496,640.1047855532865
58.93891250592522,637.111451675561
56.8777298466907,634.9316521331098
54.506048257265725,633.0945004141756
52.134366667840744,631.2573486952415
53.31343124578717,628.4987608824227
53.0166801936005,625.5134738253668
50.984507839712705,623.3066037512359
48.825971671763334,621.2231639004953
48.72271303851793,618.2249414846862
48.338189663728535,615.2496865755666
47.95366628893914,612.274431666447
46.00171863019939,609.9962963900552
47.92638079779306,607.6950629076304
49.17173007088611,604.9657580166358
50.41707934397917,602.2364531256413
47.96002817530264,600.5151456125847
49.13431066264997,597.7545187562513
48.07230233939114,594.9487856396971
47.01029401613233,592.143052523143
45.65173407739369,589.4682974141929
46.12050913240043,586.5051487598383
44.46092376811144,584.0059936188682
43.55306792041882,581.1466584234407
42.91868358554403,578.2144994039355
41.16002744203388,575.7840408939227
41.20021408966653,572.7843100671064
40.6105071970259,569.8428400637284
40.02080030438527,566.9013700603505
40.50598341364067,563.9408637944404
41.164518007012816,561.0140340779498
39.64291789429702,558.4285489983209
40.639290122506885,555.5988418786967
41.63566235071675,552.7691347590725
38.85135251229333,551.6521662171436
39.45542260208339,548.7136122655169
38.946121031190614,545.757159676706
38.15088434299132,542.8644794991299
37.903363408506856,539.8747080384674
36.88647706966042,537.052307965149
35.86959073081398,534.2299078918306
36.306888079014826,531.2619505085017
36.74418542721567,528.2939931251728
36.22922057776881,525.3385217238844
35.57687059952866,522.4103073352355
34.924520621288515,519.4820929465867
36.87289596811007,517.2009016990369
35.94765471147732,514.3471447687738
34.842845039746656,511.557987980558
34.92097522224909,508.55900554069905
34.99910540475153,505.5600231008401
34.25925281835508,502.6526844294084
33.55409948261988,499.73673539468547
34.387267958394716,496.85475165236926
32.479137887392696,494.5397916889708
33.897766802753,491.89640522450827
35.3163957181133,489.25301876004573
36.91064806191305,486.71168850518137
38.504900405712796,484.170358250317
38.84406773939158,481.18959232194135
37.803675167586455,478.3757722678987
36.828308511786,475.53875624983453
35.85294185598554,472.7017402317704
38.130760345488056,470.74942290897667
37.53752702954929,467.80866208346566
37.40889894204953,464.81142088277693
40.03435195235194,463.35987119685706
39.99215087611656,460.36016803334826
39.94994979988118,457.36046486983946
39.65982061755228,454.3745269840888
37.88744377004529,451.95405589142496
37.64859467489697,448.96357915522606
37.32299436996854,445.98130075751897
36.99739406504011,442.9990223598119
36.41955328581596,440.0551983104051
38.14039904998846,437.5978237244029
40.20949800511586,435.4255370228161
42.27859696024326,433.25325032122936
44.04828481256773,430.83081251906907
43.46229548887392,427.88859965924456
43.46855838697176,424.88860619656714
43.474821285069595,421.8886127338897
43.49881120936315,418.88870865483443
42.88576367495216,415.9520144725007
42.27271614054117,413.015320290167
44.346716290134744,410.8477125351786
45.26011219470989,407.9901422523149
45.18791699564885,404.99101106924996
46.105634291994136,402.13482568241164
47.91791150958641,399.7440828508641
49.73018872717868,397.3533400193166
51.350890798474815,394.82879554632814
52.15106943251451,391.93747851880823
52.95124806655421,389.0461614912884
51.06821099044316,386.7107447468954
49.18517391433211,384.3753280025024
50.680941935265075,381.77481304819923
51.47542281225025,378.88192519415014
54.348213003079756,378.01758931066865
54.26262381443665,375.0188104774121
53.4523278360824,372.13031252389663
52.747681947006946,369.2142408219303
53.27862633517671,366.26159826708704
55.854536749588206,364.72384486132705
57.80617531539811,362.44544478486034
59.757813881208016,360.16704470839363
59.39226730253037,357.18939870881326
56.5858103555458,356.12930465415485
56.45060504517407,353.1323529488304
59.14924379815343,351.8218763634165
61.84788255113278,350.5113997780026
64.29700109115822,348.7788241297541
62.66700659115404,346.26026939936685
61.62561057352751,343.4468205666223
61.59235121390255,340.4470049364548
64.56964646589996,340.81539736639013
66.4697798549724,338.4938691835476
66.8982781040347,335.52462866608346
67.326776353097,332.55538814861933
67.71445774086725,329.58054308684274
68.60282324737437,326.7150925591162
68.85584492998731,323.7257815970168
71.28471561228962,321.96493316269533
73.27078836165566,319.71648591309713
75.36447597257116,317.56788818716075
78.03862344382175,316.2081325833833
79.15032062144466,313.4217138450625
78.14420180721287,310.5954574993556
76.07775236837168,308.42065021669515
76.02666992660691,305.4210851508659
78.52902575424979,303.7663297877195
79.61442461867644,300.96956213467763
81.69914924160737,298.81226678017805
84.37157058987812,297.44912183656174
84.74243282909747,294.4721332239666
86.317625702269,291.91894552771123
88.97163408626014,290.5202892090594
89.47971552938088,287.56362669075327
90.73907849707075,284.84075965110344
91.99844146476062,282.1178926114536
91.07855321363422,279.262405681797
93.61991506534018,277.6682037062953
95.86828433934716,275.6820426836938
98.04754740277885,273.6202928200192
99.0406361861974,270.78943170222334
100.57102652854425,268.20913997452055
102.1014168708911,265.62884824681777
100.80952572249748,262.9212631122925
102.51225104047197,260.45129823571455
104.8048599681792,258.5163707681858
107.50622328298147,257.21151972632686
110.20758659778373,255.90666868446786
110.3507800219778,252.9100880259059
110.49397344617186,249.91350736734395
110.32295847749678,246.91838568692944
110.4021545125226,243.91943120444122
113.3533671408668,243.380595401713
114.18176389357696,240.49723645421804
115.88322364418771,238.02639960872386
117.58468339479845,235.5555627632297
118.90130938955679,238.25120665475666
120.19531360915515,235.54463075896848
121.48931782875351,232.8380548631803
124.18243608478387,231.5162704408799
122.63151133990193,228.94826879841298
124.57012752563358,226.6587781816121
126.50874371136524,224.36928756481123
129.01213480323798,222.71609881541443
130.04329344604906,219.89888177490158
131.07445208886014,217.08166473438874
133.64993650149196,215.54319795207246
134.422012630014,212.64425013402425
135.194088758536,209.74530231597603
138.1754218422061,210.07944756016502
138.61932067320106,207.1124703395175
139.36225541838252,204.20591774849112
141.88069871633456,202.5757510836987
144.8539976118179,202.17638448755224
147.0467381409702,200.1289741789397
149.2394786701225,198.08156387032716
150.45862499414642,195.3404541971074
151.30563611634304,192.4625083743242
153.35081920463324,190.26769035558738
156.25066552456994,189.4989957993756
157.6795547678248,186.86114145720458
159.71023021293965,184.65289390844387
161.7409056580545,182.44464635968316
164.61833583412098,181.59588515542018
165.35081651129028,178.68668044320523
166.7610732338316,176.03881791344145
169.6416598629316,175.200831832262
171.29345154743413,172.69651870667082
172.9400389826927,170.18878071835374
174.9505384835543,167.96214833804595
176.83752539125288,165.62992184600574
178.72451229895145,163.29769535396554
180.61149920665002,160.96546886192533
183.61098340958176,160.90984048460837
185.38653952353474,158.4917006031697
188.33019899365559,157.9130220015541
190.2896856798272,155.64136799473084
190.5553654337725,152.65315544065382
190.82104518771777,149.6649428865768
192.7077117064627,147.3324572066536
194.59437822520763,144.9999715267304
197.58945475432012,144.82816761303957
200.48135637979638,144.03010433950308
202.86818678612443,142.21267741898387
204.57582046537377,139.7461034351972
207.16418543667632,138.22940742896063
209.75255040797887,136.71271142272406
212.031278415366,134.76145575819683
214.56654174658874,136.3653384974759
216.77858921447597,134.33880303027735
218.99063668236317,132.31226756307876
221.99063605207533,132.31032289689037
221.09345203363586,129.4476212293992
223.78348933284192,128.11957780809095
224.62708623975837,125.24062934404354
225.47068314667484,122.36168087999613
228.24246993070932,121.21398840208587
231.07229847122966,120.2179610775327
231.5378261100449,117.2543005002231
232.00335374886012,114.29063992291348
234.99362800144763,114.53201078758471
237.98390225403514,114.77338165225592
240.92942907813594,114.20428435960494
241.99697303445413,111.40065280368884
244.94390483129763,110.83887617125136
247.89083662814113,110.27709953881387
249.12177096861944,107.5412631677143
250.82644859213636,105.07264529532483
252.9626406606721,102.96630167513248
255.09883272920783,100.85995805494014
257.9403060631156,99.89765389684297
260.90062711030015,99.41134196238514
262.8462391455188,97.12779345000088
265.71156898901313,98.01654813380333
268.641904966878,97.37379541554311
271.4035307698399,96.20186413581084
274.16515657280183,95.02993285607855
275.91841822577425,92.59558005169367
278.90269998914766,92.28888418149485
281.4173281045414,90.65283850937223
283.5090510003132,88.50232802874119
286.0356717344309,86.88486468574803
289.0034159396312,87.32360644635428
291.9711601448316,87.76234820696052
294.60133348228396,86.31936926915358
297.30565951810024,85.02066965338167
299.57056591814353,83.05338751829204
301.8354723181869,81.08610538320241
302.96531571689866,78.30699511292032
305.53911965143664,76.76571859439527
308.1129235859746,75.22444207587021
310.64699528424035,76.83020688680884
313.12585450082815,75.14045631813374
315.6445416044953,73.51066637037341
318.6389062982608,73.32687278851895
320.8557491975977,71.3055841996085
323.07259209693456,69.28429561069807
325.62323928855955,67.70499231371687
328.17388648018454,66.12568901673566
330.0963653491065,68.42874676645636
333.09278764332987,68.57521667695376
335.7456882435475,67.17446030792844
338.35390454422736,65.69216218377535
341.3076639219776,65.16746652117425
344.03150419046494,63.91020990784232
345.71977354285843,61.43034164646859
347.408042895252,58.950473385094874
349.8266584441884,60.725381502841515
352.0187424887836,58.67726833667339
353.26123597746084,55.94666218957079
356.2148674094301,56.472077610055536
359.2123552810076,56.59482311810247
362.2098431525851,56.7175686261494
364.5039045472864,54.78436343338246
367.5039036829046,54.78664077616245
370.43897548062967,55.40740928551095
373.0803648313922,53.98506534058125
376.0283138994629,53.42865156283926
378.97626296753356,52.872237785097276
381.966089058657,52.62537761245436
384.8358673690296,51.75109364867876
387.8345111536599,51.841290394174884
390.17052969484865,49.958999934330215
392.5065482360374,48.076709474485554
395.35021694011755,49.032506681760765
398.0217383233527,47.66759880980842
401.01987447924876,47.56186522617128
404.01801063514483,47.456131642534146
406.89032912296955,46.59022950920709
409.6863625857378,45.50294073658037
412.4823960485061,44.41565196395364
415.27842951127434,43.328363191326915
417.97417789422997,44.64477523008685
420.75885320886056,43.52871815623851
423.7585788747184,43.56928821408424
426.7585781946392,43.57130823259319
429.6007484170325,42.611064291221666
432.60023150723464,42.66675263462935
435.34184692988276,41.448744065571674
438.3346820951364,41.65595814236497
441.32751726039,41.86317221915827
443.5913494962345,39.89465409428587
445.80848191883365,37.8736830849293
448.7934038422327,38.17408466816721
451.7929335767478,38.120968081684985
454.54264117443415,39.320596410471126
457.2923487721205,40.52022473925727
459.74074899661156,38.78663414724539
462.18914922110264,37.0530435552335
464.8650062948608,35.69665536565856
467.2332341007448,37.53825713027478
470.1250189310026,38.33674350804888
472.9841297883464,37.42818139931958
475.84324064569023,36.51961929059028
478.49989519292075,37.913242846892174
481.0904749510114,36.40033289683868
483.9711276085326,37.23809197122467
485.7555111804799,39.64972529081629
488.22453079752,37.94562959788376
490.6935504145601,36.241533904951226
493.4448398339987,37.43752994611741
496.01139483244054,35.884212386835586
498.57794983088235,34.33089482755375
500.10206399674377,36.914898699342736
503.09612429453165,36.72621130386993
505.5448005835633,38.45941193609174
508.28575770705686,37.23992267940681
511.0267148305504,36.02043342272188
513.7654358993789,37.244936141034515
516.5041569682073,38.46943885934715
519.048828568465,36.8805252535012
521.9584529331516,36.149713337601014
524.9554415983755,36.01532978012436
527.8086946409151,36.94212375681977
530.3228126343619,38.57895322717618
532.919758507331,40.08090932935365
535.8865475911276,40.526063833167186
537.8396392421377,38.24890924843761
540.4042865929456,36.692444033280594
543.0849676916521,38.03927321585638
546.084743170048,38.07597579361892
548.9163119826974,39.06704494318996
549.9859354721287,41.86988378815711
552.5147783668807,40.25589691904616
555.4492498438799,40.87949707193124
558.3152280635042,39.99283544276276
561.0817253873582,41.1532201018772
563.8482227112123,42.313604760991645
566.8463491969529,42.41961219233914
569.8236181200292,42.78821734651412
571.9763945981992,44.877608031627304
574.9616831457447,44.580871974003486
577.3569998568124,42.77464445409367
580.028862915621,41.410405547239506
582.4291345926703,43.210043254211314
585.3223435740231,44.003353905986195
588.3222269118164,44.02981065616199
591.2870024657045,43.57143753842099
594.2853939658219,43.47321120781528
596.9734933218115,44.80517286354286
599.661592677801,46.137134519270454
602.364067989073,47.4396809453012
605.1404913631281,46.30325089993979
608.020339986291,47.14376973236855
610.9001886094537,47.984288564797325
612.8579834979737,50.25740078694672
615.6382431879861,51.384412790472894
618.329272760036,52.71044440485934
620.9749781185561,54.12474393321178
623.6206834770762,55.53904346156422
626.4204261998458,56.61674503727922
629.3965958957539,56.23936732045138
632.1012840063671,57.53731270616959
634.8607280688333,58.71437195111859
637.8602713162016,58.66202400782709
640.8598920347799,58.70972667731295
643.235016205386,60.542425554434466
646.0978206274376,61.43928164159793
648.9606250494892,62.33613772876139
651.7019748787943,63.554743946277455
654.5445910533363,64.51366692766462
657.3961085934004,65.44578694070277
660.2476261334646,66.37790695374093
663.1249103699441,65.52865114863489
665.6941985956022,67.0774435858243
668.6563002324067,67.55278966316146
671.5037838461925,68.49716091919441
674.3512674599783,69.44153217522738
675.625448703876,72.15749648973873
678.500661889748,71.30125520611122
680.1926055257131,73.77861806461964
683.191826786271,73.8469688525985
685.662380181595,75.54884015233085
688.6616397842075,75.61548725382066
689.8676986472537,78.36238041134747
692.7259685045299,77.4511760308779
695.583268659818,78.3654166023854
696.0121561566652,81.3346009205186
698.7659543571162,80.14439275755188
701.7451271181595,80.49728035985282
704.7242998792028,80.85016796215376
706.8255822325241,82.99133878009911
709.6899816095777,83.88308774070114
711.4909508395913,86.28236051230178
714.3488161361163,87.19483294855283
716.6872244302102,89.07415374344467
719.0296378757713,90.94848008910986
721.2501391915653,92.96574901182628
724.1419155866677,92.16723208606417
726.8715494152848,93.41186020790191
729.4773466670578,94.89840677045972
732.0831439188307,96.3849533330175
734.7739244515384,97.71149022462724
735.92793101057,100.48065415291173
738.300712796958,102.31638468710922
740.134132143529,104.690952753015
743.0858762599236,105.22686941755344
744.2500663725098,107.99176749555858
746.468357855765,110.01146620955458
748.4584510306008,112.25635577375853
750.4485442054366,114.50124533796247
753.3290138874285,115.33963332161092
756.307480038628,114.98083060958265
758.5544804640667,116.9685401175536
761.2728338856185,118.23761642555776
763.9911873071703,119.50669273356192
766.9059750738187,120.21663095298466
768.5431013220324,122.73055570273546
770.4737227295318,125.02679196690882
772.3125723562204,127.39715735022574
774.151421982909,129.76752273354265
776.957465662663,128.70633525372926
779.951713441017,128.89202381509565
780.9780839971605,131.71098878144085
783.5886874754824,133.18907858891995
786.3123868266924,134.44664045388643
786.0956261412817,137.43879934092107
785.8788654558709,140.4309582279557
788.7757644789192,141.21068641794366
791.306915348715,139.60032146727815
792.6722519486142,142.27162376559178
794.623364765375,144.55047408456227
796.5744775821357,146.82932440353275
799.5252285009061,146.28796591290381
802.3067038424905,147.41197433109198
805.0309622925839,148.6683245597681
807.3319669559204,150.59326028318952
809.920888095636,152.10900674362873
812.9204599315906,152.0583234036821
814.210893846341,154.76660335812954
815.1043823296809,157.63046060494528
815.9978708130207,160.49431785176105
817.4469045427362,163.12116030043336
819.9715450476214,164.74171277446604
822.6361643753576,166.1200464924947
825.3007837030938,167.49838021052335
825.2178530310484,170.49723374206405
826.4737324438563,173.22170926966297
829.1962917751181,174.4817373200489
831.9188511063799,175.7417653704348
833.9574666198097,177.9426849029037
836.7247085478981,179.10129273622317
838.6925454698845,181.3657171329446
840.6603823918709,183.63014152966605
842.712862447342,185.8181373299119
845.4786143077595,186.98029766592293
846.97432623024,189.5808448862113
848.6570959034515,192.0644483623966
850.9147704067004,194.04002570519535
851.8994997520356,196.87380553369928
853.4772420099226,199.42541862499615
856.2404374446845,200.59364419795327
859.0036328794464,201.76186977091038
861.5923029501646,203.2780449801022
861.1035106749698,206.23795749767936
859.1246522128278,208.49275664323733
860.2554323811047,211.2714858871601
861.3862125493816,214.0502151310829
862.6886844137904,216.7527263785014
865.6764125699183,216.48165357447894
867.9012189905205,218.49417348514993
868.5850418608055,221.41519835359512
871.4497759781834,222.3058713781843
873.2362333794191,224.71596887695284
875.0226907806548,227.1260663757214
877.8378294052907,228.16288580266274
877.0607613191355,231.06049950871108
878.6718433665347,233.59119400559288
881.5255664552249,234.51653963457534
883.3562344155303,236.89322952160546
884.5789477265754,239.6327499466056
885.8016610376205,242.37227037160574
887.3895118350146,244.91760528968925
889.0319858556613,247.42803933413265
890.6744598763081,249.93847337857605
892.7966412300095,252.0589323623817
895.3970820806827,253.55482921114844
897.9975229313559,255.05072605991518
898.6647168139284,257.9755939754043
901.4656538238447,259.050187790053
901.5868475057771,262.0477388057089
903.1968438205704,264.5791241707515
901.3688414718582,266.9578648907761
899.5408391231462,269.33660561080063
899.516988686715,272.33651080208284
899.4931382502837,275.33641599336505
902.4912102739614,275.44395268868635
905.4892822976392,275.5514893840077
907.4064974443975,277.85893084177883
906.5295604009365,280.72789954530384
908.4584154921686,283.0256197277951
911.2408335804565,284.1472923992854
914.0232516687445,285.2689650707756
913.5451025464301,288.2306155256453
913.3503305345135,291.22428615939475
914.8645571958876,293.81409650341294
915.5589578158872,296.73262486184024
916.9138281536242,299.4092507916108
918.2686984913612,302.0858767213814
920.562633039587,304.01923242803656
921.7957312571517,306.75409417698086
923.0288294747164,309.4889559259252
922.6351482297356,312.46301293233086
925.040709778558,314.255573568635
927.4462713273805,316.0481342049391
928.045396428219,318.9877003487
928.4954192237382,321.9537548801463
931.1529422162652,323.3457216700483
931.4551350794344,326.3304627766519
931.7573279426036,329.31520388325555
930.8527819729342,332.1755878764905
932.5235242891591,334.6672981551496
934.4370195635521,336.97782533198085
936.3505148379451,339.28835250881207
938.1872570666279,341.660351240973
939.4118371078889,344.3990377368219
939.088371474157,347.3815484214288
938.6314543674713,350.34654871782305
940.8229816422238,352.39525762931237
941.851071748672,355.21359592217635
942.8791618551202,358.03193421504034
943.2936205277001,361.003166957308
941.4212760328302,363.3471648439389
943.648396520162,365.35712363329424
945.8755170074938,367.36708242264956
944.6564985376049,370.10824895718724
946.3185380421672,372.6057726678403
947.9805775467296,375.1032963784934
949.642617051292,377.6008200891464
948.3018974584754,380.28456206136315
946.961177865659,382.96830403357995
949.7302534021826,384.1225226753574
952.4993289387062,385.2767413171348
952.1287345045805,388.2537632796663
951.8839010961087,391.24375602248296
953.8472657318515,393.51205920043657
951.572619614241,395.46807173609164
952.9633940867992,398.12621890404165
952.3389764888611,401.0605165480078
953.2413574070531,403.92158429947455
954.7117299651472,406.53654214624834
956.1821025232414,409.1514999930221
955.3385515541148,412.0304619174813
954.6558592067058,414.9517512148275
955.0994345584204,417.9187768142033
957.4525711998572,419.7796228440315
956.5972817334897,422.6551193105083
957.3456454400742,425.5602788177759
958.0940091466588,428.46543832504346
959.2681255905266,431.22613580507266
959.9789911184644,434.1406975562095
958.0569464426898,436.44411767948844
959.7154530385474,438.94398885046843
961.373959634405,441.4438600214484
960.9712409410974,444.41670674707365
960.5685222477898,447.3895534726989
959.4037818601691,450.1542197870025
960.7371819622983,452.84160590880225
963.4379698346798,454.1476475882278
962.6112120986625,457.03147692540006
962.4470263621838,460.0269807300942
961.40848457138,462.8414844072554
960.4584558024262,465.6870854576769
960.871172127532,468.65856072006613
961.2838884526378,471.63003598245535
962.4298177355448,474.4025521823316
960.4799148364104,476.68243785576954
963.112856827278,478.12035874118925
964.6823073996485,480.6770802553331
964.8143683636389,483.67417216279773
964.9464293276292,486.67126407026234
963.9341430564926,489.49531727536817
962.6170851373892,492.19075016040296
961.5584196282889,494.99774630216046
961.1577896751705,497.97087523321346
960.7571597220523,500.94400416426646
963.7571209842454,500.9592496665885
963.7724248094543,499.5407991408535
