971.9675428377702,503.1678844399612
970.8288526346827,505.94338162450174
972.3348834289599,508.5379666099452
969.9943402017985,510.4146278478327
972.1186746548935,512.5329297931165
973.2659518148043,515.3048885082396
972.8814791856903,518.2801499753148
970.7617656565513,520.4030759171189
968.6420521274124,522.5260018589231
967.7491245013765,525.3900340261066
969.5205425798433,527.8112068805887
971.2919606583102,530.2323797350707
969.4924781666512,532.6327677791612
967.0203510587565,534.3323523055714
967.2382264600748,537.3244302306094
967.456101861393,540.3165081556475
968.0625532225137,543.2545715903941
969.0254385090876,546.0958480508779
969.6954608131059,549.0200693339066
968.285286584131,551.6679757982544
966.7532878323173,554.247312888369
965.2212890805035,556.8266499784837
965.9064371391778,559.7473642982512
965.8093966509115,562.7457944114333
963.5701208691983,564.7422021787575
962.3144125750244,567.4667565790114
961.6731711308521,570.3974236379378
962.9624484130923,573.1062543985242
964.0763412608585,575.8917961274694
961.4043006631757,577.2556872684095
961.4585673386607,580.2551964162421
961.5128340141457,583.2547055640748
961.1715782819886,586.2352331222883
961.2204116970486,589.2348356455526
959.6639596760821,591.7994910037693
959.9968154056149,594.7809683327653
960.3296711351478,597.7624456617613
959.1962426231577,600.540095713191
958.0628141111675,603.3177457646208
957.3495427920789,606.2317196878681
957.6221467400621,609.2193085296507
958.2126319337898,612.1606223918538
956.0700595444031,614.2604756144001
955.4871312914997,617.2032964808423
954.7594673583906,620.113709716184
953.2187813200528,622.6878671572258
951.9822326864171,625.4211705572628
950.7456840527814,628.1544739572998
948.8835862446585,630.5066201587474
951.2149474885053,632.3946759711346
950.6032298037072,635.3316474510957
948.9993056857159,637.8668846044455
946.169152763907,638.8619898446976
945.7673949283407,641.8349665754442
944.5949635472211,644.5963801005372
943.4225321661016,647.3577936256302
944.0324884161205,650.2951314293332
943.6184667578902,653.2664250981778
943.20444509966,656.2377187670224
943.9953591985895,659.1315838101982
942.3337820937058,661.6294151745072
941.0540687512804,664.3427772515655
939.774355408855,667.0561393286238
939.3654752505,670.0281448831448
938.1308860484621,672.7623338857946
936.9204687271348,675.5073092788047
933.974486588463,676.0740448773223
933.1123280734708,678.9474892729957
932.2501695584785,681.820933668669
933.1870369231906,684.6708949913781
933.2864907951453,687.6692460260892
933.3859446671,690.6675970608004
930.4029693723319,690.9867496744556
928.5376964913704,693.3363788110535
926.6724236104088,695.6860079476513
924.8809678913913,698.0923924569929
923.7160623005648,700.8569891661824
922.3999172481506,703.552867909933
923.1649448773687,706.4536837824993
920.4002636302174,707.6183887243836
919.9909801689505,710.5903387657426
919.428553202124,713.5371465143048
919.3341290742104,716.535660160108
919.3552503705095,719.5355858076604
919.7376739884229,722.5111113371194
918.4880604102773,725.2384664488189
915.7818524874351,726.533240050012
912.7837870817409,726.6409610933584
909.7857216760467,726.7486821367048
908.9357149886503,729.625744637135
908.0857083012537,732.5028071375651
908.2155455355472,735.4999962027712
905.5266384767564,736.830326548657
902.8377314179655,738.1606568945429
901.7793986855585,740.9677785213192
899.8047068435343,743.2262275752151
899.7516885657077,746.2257590489984
898.3542871168139,748.8804283675067
896.9568856679201,751.5350976860151
894.1341031512035,752.5509219145698
893.9416404418143,755.5447419000557
891.7026792857141,757.5415025120155
889.9642519390485,759.9864708881638
888.1886739279862,762.4045946911632
888.3055361209257,765.4023176983574
887.3142577733806,768.2338132815586
885.6872494171998,770.7542981176402
883.3089982115586,772.5829372845799
880.9307470059173,774.4115764515195
877.9416870711129,774.667546578971
878.62744363873,777.5881180863938
875.7983777035989,778.5863094180938
873.9893199100077,780.9794892900313
871.6927478599536,782.9097112510789
869.8707371618174,785.2930444245729
867.965460348918,787.6103532659291
866.7229556717448,790.340954321961
865.4804509945716,793.0715553779929
864.8977594482803,796.0144231225374
862.9736207556508,798.3160943178923
861.0494820630214,800.6177655132472
858.5448707287461,802.2691049890121
855.6160773759705,802.9188507059949
855.3059978675968,805.9027827927702
854.0855544974929,808.6433152192102
854.1345584021929,811.6429149620633
852.596088746361,814.2183976581971
852.0877535777753,817.1750165643767
849.449475748633,818.6031237369153
846.6209534049218,819.6028543762012
844.4014720087889,821.6212454018006
843.7248279929191,824.5439415672936
842.501733619143,827.2832918831234
840.2826385886698,829.3021076859468
837.3169855851718,829.7547689973521
834.3513325816738,830.2074303087575
832.207639589119,832.3061395200757
830.3943591530915,834.6961215409955
828.5810787170639,837.0861035619153
829.5599429893182,839.9219146868853
830.5388072615726,842.7577258118554
827.5559815183973,842.4371784895295
824.573155775222,842.1166311672036
821.6916367009412,842.9514052830915
819.011216251201,844.298753127048
816.3307958014607,845.6461009710046
815.0409575167236,848.3546646492714
813.0165065836705,850.568620028149
810.912759215359,852.7073689639342
808.8090118470474,854.8461178997194
806.489071031702,856.7481890375307
804.5938332572928,859.0737155969258
802.6985954828835,861.3992421563211
799.760987013992,862.007893520812
797.0027622632555,863.1878071720696
797.2542769821896,866.1772453042543
794.9443516332911,868.0914670475527
793.6043865220942,870.7755858043841
790.7155029500123,871.5845058912626
787.7574306863365,872.0843143374423
784.9193287519396,873.0565166877645
782.1092536059311,874.106982143544
779.4576874727554,875.5102629569934
777.4094941146986,877.7022720737656
776.9253435596361,880.662947375117
776.4411930045734,883.6236226764685
773.6784567845831,884.7929338321296
770.7912193003086,885.6077096966474
768.2756043331169,887.242237560234
765.9439050876477,889.1298759336198
763.1729153605618,890.2794914921366
761.1459882329559,892.4911800821907
758.2243320793185,891.8100594468312
755.5885286692693,893.2427284189156
752.8631235525314,894.4965892364146
751.3350858966373,897.0782749109633
749.8070482407433,899.659960585512
746.8071652716728,899.6864591115351
743.9016834717044,900.4335705557332
741.0279162148807,901.2946522903023
739.2863823611091,903.7374088963045
737.5448485073374,906.1801655023066
734.5545008305784,906.4206250043067
731.757520359713,907.5054753375774
729.3328247470785,909.2720684390218
726.3412658931996,909.4969586873189
723.7855474218942,911.0680421018542
722.2990325399402,913.6738574264175
720.1446886797929,915.761631966986
718.6818330742739,918.3808023465913
715.8951881817876,919.4919325114145
712.8953615459623,919.5241839453786
710.6372181386268,921.499225299859
707.6414919731744,921.6593025987618
704.696031917134,922.22874535995
702.2769438650641,924.0030094317086
699.8578558129943,925.7772735034672
697.4387677609246,927.5515375752258
695.2814859775704,929.6362762416317
692.2819116615502,929.6868125916435
689.4317955501142,930.6232089560814
686.6337762968253,931.7053772693416
683.7039306869405,932.3503615344509
680.7740850770556,932.9953457995603
677.9433992899053,933.988934232678
675.3989119511178,935.5781428982567
672.8544246123304,937.1673515638353
672.9096357603287,940.1668434756658
670.0402519777581,941.0424214038487
667.1444679633157,940.2585623975856
664.3362269052526,941.3139211800898
661.3603546992412,940.9342046891544
658.503087362893,941.8485478242181
656.4879288320899,944.0709645483569
653.7274498599952,945.2455946367776
650.9669708879005,946.4202247251983
648.0759594952684,947.2215069025061
645.1676074967286,947.9573660280112
643.0330014515494,950.0653169363305
640.8983954063701,952.1732678446498
637.9042611713426,952.3607783313856
635.4237223204544,950.6734944165585
632.9431834695663,948.9862105017313
629.950396762659,948.7782977148258
627.6857506538987,950.7458794798554
624.7432190364322,951.3302660644121
621.762577067513,950.9900110819099
618.7819350985939,950.6497560994077
615.9672004942291,949.6118403480136
615.5489738650973,952.5825450601459
615.4107483086095,955.5793589842216
615.2725227521219,958.5761729082973
612.6887798648062,957.0516163523619
610.2394390091802,958.7838776989726
607.2638500009962,959.1658070829881
604.347802771802,958.4610599247044
601.6139447016276,959.6963817662268
598.7146485105188,960.4671486546065
595.7330943256875,960.1349820655058
592.9593276516608,961.2778812028137
590.0752640202716,962.1038212551769
587.1912003888823,962.92976130754
584.2145771509635,963.3035448003296
581.3713455322761,964.260641432074
578.6803938185577,965.5868310393458
576.0717507041078,964.105284178314
573.1162662239635,964.6201739603317
570.1607817438193,965.1350637423494
567.3427053250867,966.1638714494472
564.5246289063543,967.1926791565452
562.4937848901017,969.4007716776255
559.5101778948077,969.087579567838
557.4667201733038,966.891155077803
554.5376562719645,967.5396800671989
551.8935099978036,968.9568922887244
550.0004971694269,966.6295542317156
547.017992096037,966.3060368640163
544.3421592488037,967.6624728461649
541.6663264015704,969.0189088283134
538.9839407232358,967.6754777460967
536.3015550449013,966.3320466638801
533.4989368786479,967.4022482403068
530.6963187123945,968.4724498167335
527.6972756231123,968.5482162250482
524.7017728202371,968.7124202382973
522.0281829136921,970.0732718141943
519.0321093964474,970.2267106595502
516.0360358792026,970.3801495049062
513.0521549263291,970.0695783229228
510.3038561886581,968.8667258596023
507.55555745098707,967.6638733962818
504.8765033612468,969.0139360556595
501.9152646688868,969.4946286880868
499.2422696637392,968.1326089736714
496.3411964460539,968.8966601405635
493.4401232283687,969.6607113074558
490.5554836327868,970.4846375199294
487.8685670806356,971.8189835926468
485.3436473761301,973.4391010222795
483.3316442108762,971.2138272721515
480.55864892800844,970.0690577926523
478.1482342287688,968.2830284038433
475.39349592137614,969.4710590674979
472.6387576139835,970.6590897311524
469.7093875626197,971.30623044396
467.616960903145,969.1564047127158
464.8288512452225,968.04895514935
461.8872940207856,967.4596834841877
458.88868826765895,967.3682311068762
456.468761738681,965.5951108079826
453.4728533835168,965.7517413524406
450.4730834481113,965.7888942074778
447.9902799926107,964.1049443859706
445.02939415720584,964.5878057218623
442.06433594777815,964.1312645794608
439.09927773835045,963.6747234370592
436.39926522239705,964.9823672775965
433.6992527064437,966.2900111181337
431.4123273307173,964.3483694607061
429.74471589020646,961.8545627152911
426.77525867774904,961.4275687301057
424.8481874326942,963.7267852089268
422.117848687016,962.483704224498
419.17114643112797,961.9207248153324
416.1763067141004,961.7448411341276
413.391206161316,960.6298456584058
410.8643832805716,962.2469931870334
408.0850012669821,961.1178184341562
405.1096164470321,960.7343015854893
402.13423162708216,960.3507847368226
399.6630915431418,962.0518040446328
397.1727792272233,960.3789787192671
394.4656286877658,959.0861771270982
391.75847814830826,957.7933755349292
388.86402576735384,957.0046135845364
386.656589860596,954.9730558773678
383.67652295856755,954.627800523413
380.8017805798857,953.769979880032
377.8208077788649,954.1073241545857
374.8398349778441,954.4446684291396
372.3444822493411,952.779371230333
370.10528503285354,950.7828753436169
367.1386224644532,950.336878476753
364.24447263579907,951.1267498392552
361.50500808042415,949.9039113585701
359.62572045422115,947.5654764080101
356.645198436842,947.224172285682
354.6006729902822,949.4196029264378
351.7669641796787,948.4346692349093
349.484568569905,946.4877048591475
347.2021729601312,944.5407404833858
344.20252034309425,944.5863932719463
341.8058578253868,942.7819518691249
338.87766517252356,942.1295043327528
335.99345732037204,941.3040680447285
333.7713976434428,939.2885158146523
330.8864328565283,938.4657289781853
328.158859744352,939.714866647833
325.1645938211728,939.5294709054665
323.9666189758497,936.7790425261094
322.76864413052664,934.0286141467523
321.3320073404621,931.3949712830683
320.1233036094004,934.1407016577624
317.1251390073799,934.245625531077
315.1985234228887,931.9460272205898
313.2719078383975,929.6464289101026
310.39181961344894,928.8067314547577
307.5573034516454,927.8241236344782
304.56961079250016,927.5526598717221
301.57736872949897,927.3370504182968
298.65829020544425,926.6449661962528
295.7392116813895,925.9528819742087
294.41996231718883,923.2585209896604
293.8589629057928,920.3114411365832
290.9425596272053,921.014713428547
288.018773637149,920.3427941742085
285.2547282429115,919.1765810467767
282.49068284867394,918.010367919345
281.99127776043537,915.0522275308845
281.49187267219673,912.094087142424
278.50476603808505,912.3719251463864
275.7368156083634,911.2150109669402
272.96886517864175,910.0580967874939
270.93725824525126,907.850706185856
268.34761858028065,906.336187646646
265.4566056531451,905.5349110058188
263.16853771658975,903.5946158948351
260.21960920405576,904.1458151582272
257.50531277044536,902.8680847991569
254.98066888280843,901.2475375950874
252.4560249951715,899.6269903910179
249.45719586117673,899.5431821270811
246.83162241815234,898.0918502920808
244.5812818057898,896.1079230937311
243.33241648889845,893.380225269509
240.63221174095776,892.0729784224297
238.32860659236715,890.1511555067096
235.5842609566807,888.9393110315856
233.11117930070216,887.2411157769513
230.63809764472362,885.5429205223171
229.5765785372082,882.7370022796772
226.73700864260408,881.7690958721884
224.4727737048301,879.801040957669
221.80950708514112,878.4200952989081
218.91977854382543,877.6141989299465
216.03005000250974,876.8083025609849
216.19380132839575,873.8127749775248
213.60115463080626,872.3034098455973
211.39518788424564,870.2702569460178
208.39574445077122,870.2124720917114
205.83730069942106,868.6458305975663
203.7328215090083,866.5078017537197
202.85362338143506,863.6395251540049
199.8966513630741,863.1332480731189
196.9396793447132,862.6269709922328
196.61250033751062,859.6448653775294
194.18067903597336,857.8880941467229
191.3288693505534,858.8193199615201
191.34368081144402,855.8193565249719
189.8194076538006,853.2354464373551
187.47461988459398,851.3640912285882
185.1298321153874,849.4927360198213
183.89322718163152,846.7594580907021
182.65662224787567,844.0261801615828
179.72643121297548,843.3827669980631
177.05162178687033,842.0243140051263
174.87187154175103,839.963079212847
172.73970141819444,837.8526644279735
171.77415528614256,835.0122910956667
169.1962756343384,833.4778411939709
166.6931232158361,831.8242910829232
165.41149459889974,829.1118331407147
162.9652385028885,827.3752182977723
161.56753636497044,824.7207072818488
158.968687920052,823.222045625455
156.36983947513355,821.7233839690613
157.10017280674109,818.8136394399414
155.07908690810024,816.5966117472152
152.34286756584856,815.3665289406173
151.79320289976013,812.4173140018829
150.69826803407267,809.6242659106567
148.49410499669685,807.5891577305675
145.69522728573554,806.5092116397445
143.16275683836358,804.900922662854
140.63028639099159,803.2926336859634
139.1855527822061,800.6634237666824
136.63192391389038,799.0889462016137
134.20535690002697,797.3249245103553
135.6565880608925,794.6992954204546
134.85222453405657,791.8091398335189
132.08262107673994,790.6561885382685
130.86359978885574,787.9150232569173
129.64457850097153,785.1738579755661
126.68827427741485,784.6636959054541
123.73197005385816,784.1535338353422
121.4579256506255,782.196821783934
119.18388124739283,780.2401097325258
120.62632755303432,777.6096442498894
122.06877385867581,774.9791787672531
120.91790720198277,772.2087084211724
117.99219814729732,772.8722041086728
116.10868182197667,770.5371738621341
113.84757541272208,768.5655253625207
111.7516285099786,766.4191315074978
110.11929574571852,763.9020916296407
107.98194289180896,761.7969258931998
105.8445900378994,759.691760156759
105.43496938134267,756.7198565718959
104.66306669807443,753.8208625657684
103.89116401480621,750.9218685596409
101.36889042271926,749.2976346089242
100.56316681732041,746.4078578923416
98.89173906798969,743.91660734718
97.32587757446953,741.3576861324666
95.44225658092,739.0227403188213
94.00446103748955,736.3897298791741
92.56666549405911,733.7567194395268
90.71031005795504,731.4000386179375
88.47407507245973,729.4002253542435
86.23784008696443,727.4004120905494
85.39879079796209,724.520134970093
84.19831731847924,721.7707962450431
82.99784383899636,719.0214575199934
83.02156600114041,716.0215513116224
81.7894433050606,713.2862499275324
81.14371843684707,710.3565674541966
78.4098555170425,709.1212563453184
75.67599259723792,707.8859452364403
75.81647543534766,704.8892362795683
74.16255231280206,702.3863303075611
72.50862919025646,699.883424335554
72.36066902093428,696.8870752590453
72.2127088516121,693.8907261825367
70.97611669552869,691.1574424725071
69.73952453944527,688.4241587624775
66.76516905309774,688.0327389867452
65.26653045906546,685.4338772427355
65.03308132585778,682.442974117891
65.48654440106331,679.4774436022117
65.94000747626885,676.5119130865323
64.25655145362336,674.0287747859501
62.57309543097789,671.5456364853678
62.61979686729944,668.5460000114188
60.29762329018017,666.6466554197954
58.83030385549995,664.0299831673706
59.51022232536324,661.1080470157173
58.9135641287945,658.1679791599582
57.60434180675221,655.468731688631
56.295119484709915,652.7694842173038
53.416057923711996,651.9262733729806
53.674946616284714,648.9374648068697
53.93383530885743,645.9486562407587
52.10206098978303,643.5728189475125
50.31643902634407,641.1621024142626
50.36371041491001,638.162474868079
47.78484834548037,636.6296766338495
47.653885830029054,633.63253652709
47.55714666632399,630.6340966770671
48.2342044744438,627.7114963409855
48.91126228256362,624.7888960049039
47.34228027518565,622.2318869199524
47.44206430869821,619.2335468547403
47.541848342210756,616.2352067895282
45.1022674882973,614.4892270481741
42.9419703904783,612.4076131432545
40.7816732926593,610.3259992383348
39.94864216115959,607.4439757939555
41.041280412953554,604.6500284696996
40.70377247844823,601.669074193944
39.90343627609794,598.7778007784387
39.16805784607255,595.8693271985943
37.496515404974495,593.3781536061668
38.01189482202589,590.4227544695899
38.52727423907728,587.467355333013
36.41923743368467,585.3328341157115
35.061605205304474,582.6576080070502
36.10621339621046,579.8453502437055
35.272036759432545,576.9636581472708
35.70774446920491,573.995466982328
36.14345217897727,571.0272758173852
33.33146845555949,569.9819301619997
35.59621242226952,568.0144610351134
34.42657530614979,565.2518627985623
33.25693819003007,562.4892645620113
33.742626693740426,559.5288411670618
31.43752197493523,557.6088171475918
31.609754778796454,554.6137652513346
32.30246510786562,551.694835241896
32.196287705234575,548.6967147708058
33.55348674228396,546.021268868936
33.82497733879381,543.0335786480451
34.60254805188102,540.136099780797
34.0843008245671,537.1812021833529
33.56605359725318,534.2263045859087
33.27363141041323,531.2405903891638
32.38200548929579,528.3761527101784
30.645005155316287,525.9301703227203
32.81066644468804,523.8541377652404
30.065075321637664,522.6451177550557
29.886367325791113,519.6504452433743
29.851269284210417,516.6506505624874
31.552856338417143,514.1799013852223
30.526974748196178,511.36075843694067
29.501093157975212,508.5416154886591
30.485863192408807,505.70784979981295
31.083446396960845,502.76796981695014
29.71807776891713,500.0966838888709
30.87154536032818,497.32729541565806
32.02501295173923,494.5579069424452
30.315777083791637,492.09244293992526
31.388300454258324,489.2907124711252
31.996525084248844,486.3530156182363
29.887553548123677,484.2194179383037
31.050769634847452,481.45410993817296
32.213985721571234,478.6888019380422
31.941109899991307,475.70123791596717
30.637225636246725,472.99940782753464
29.95551460761287,470.0778893741548
29.273803578979013,467.1563709207749
30.740457763716503,464.5393257353813
31.369560887790843,461.6060290815667
31.99866401186518,458.6727324277521
31.763898181544143,455.6819323667461
33.44829473810307,453.19943196588963
35.13269129466201,450.7169315650332
33.53658215057183,448.17676708214003
31.940473006481643,445.6366025992469
33.294247722987755,442.9594223630751
35.790887504844534,441.29605535617304
35.31190814363395,438.3345390601628
36.06675016710115,435.4310560621744
35.360617479360535,432.5153440346751
34.951728691738296,429.54333966735715
34.67371021117879,426.55624982530895
35.619008470439105,423.7090738207319
36.59994041192041,420.87397725691227
38.15762342722157,418.3100693756025
39.64017513126441,415.7019972054278
40.32240159842573,412.7805990731109
38.85343645413393,410.1648503457184
40.829160663520696,407.90730436646504
42.130040695366056,405.204026514903
42.061656430011226,402.20480601746505
40.86431481555783,399.4541019151854
39.66697320110444,396.70339781290573
42.189113582640275,395.0789570181009
42.601836874373866,392.10748272333393
42.938764190442825,389.1264627663919
42.651831994666566,386.140215972333
44.18773641881271,383.5632026623386
45.402712466651884,380.8202419985344
46.4862110857561,378.02273762098656
45.03538788497944,375.3968830857756
47.3564484795495,373.4961785542047
48.382227947042,370.67699844572087
49.894514770649636,368.0860548795383
52.20902330453201,366.1773772622898
53.741053992724986,363.59805914107346
53.70268455252571,360.5983045200988
54.27392910886812,357.6531933750231
54.73797340972295,354.6893001774122
55.20201771057777,351.7254069798013
55.6885999368991,348.76513034795954
56.21711482895315,345.81205195264437
57.21468803968595,342.98276799919813
55.17335942154871,340.78436460746724
56.62515593425187,338.15904807689367
58.076952446955026,335.5337315463201
59.408743476537346,332.84554765128536
61.876959909280934,331.1402888318874
62.915870755101494,328.32592136219967
64.34317594479705,325.68720957508305
65.77048113449263,323.0484977879664
65.4135840645322,320.0698026908721
67.07321610805037,317.5706785482718
66.73631055526874,314.5896561316327
69.57779548660524,313.62738621888076
70.28919070628267,310.7129537112697
71.0005859259601,307.7985212036586
70.38254210432196,304.8628744547232
69.7644982826838,301.92722770578786
71.67614425731054,299.6151702524158
74.44760486567698,298.46669034563763
76.87771944001271,296.7075589816966
76.24491776596959,293.775057994258
77.85324022814737,291.2426088126051
79.64597073435789,288.8371738556582
80.4930695822149,285.959253852955
81.89551342574423,283.3072449416301
82.40127948938118,280.35018547505297
83.55857662223181,277.58239513864817
85.66170073293098,275.44303332376137
87.76482484363014,273.3036715088745
89.53372901444051,270.8806613903464
91.24333091360529,268.41545118706307
90.31731402944776,265.5619458462138
89.39129714529022,262.70844050536454
92.13350557743016,261.4917676180605
94.08784241116865,259.21568160468297
97.07984390581684,258.99675911606437
100.07184540046504,258.77783662744577
99.90096382119495,255.78270733376473
100.494122956331,252.8419315448946
100.27351488548425,249.8500538603832
103.01864161092887,248.6399797877539
103.73614189726248,245.72704426853772
106.4842449647811,244.52374483352799
108.23909043628407,242.09053350461602
110.41106229220203,240.02110405254467
112.422930090613,237.79570791663605
112.64775153719125,234.80414389138798
113.29968458373627,231.87583664951214
115.47567144342368,229.81062935084506
116.01600391291389,226.85969037783755
117.58002776267533,224.29964557405435
118.60061410460216,221.47858132121067
121.59634384788178,221.318570992701
122.98453682275377,218.65907475007987
124.37272979762575,215.99957850745872
127.24986530057,215.14981895458638
130.12700080351422,214.30005940171404
129.0124901624408,211.5147647977387
129.43594383235697,208.54480065831976
130.70557822626714,205.826707851626
131.97521262017733,203.10861504493224
134.81054290653816,202.12835887063642
137.645873192899,201.1481026963406
138.4798300068826,198.2663469758795
141.2697419424751,197.16344562415372
141.89212891270634,194.22871659760182
143.82099783292432,191.93100802412758
145.79760920529188,189.67423876639936
148.7835268047868,189.38390087871244
148.80831081274997,186.3840032549677
151.66433122858493,185.4657726824349
154.5203516444199,184.54754210990214
156.6060044117705,182.39114406361227
158.30574578485795,179.9191247949546
160.49939353540455,177.87268653629107
162.1593659570197,175.37378846724602
163.81933837863485,172.87489039820096
165.37970281790993,170.3126135168617
166.25989885497145,167.4446429911517
169.19372034653432,166.8179920072349
170.64977461771426,164.19503452390072
172.10582888889417,161.57207704056654
174.27352214233372,159.49816625198554
175.6741686352807,156.84520763907895
178.265842333163,155.33417241655596
180.91018933365353,153.9173347614251
183.39706423644202,152.2394035298543
185.8839391392305,150.56147229828346
188.69459055553608,151.61039489600907
188.72671765651262,148.61056692604433
189.25566973491436,145.65756680773168
191.34240134484398,143.50221273284734
193.4291329547736,141.346858657963
195.90241865170574,143.04475672950642
197.6712228354034,140.62167361914194
200.6656372238588,140.43869146096463
202.19580819909496,137.85826963759064
204.55374349272304,136.0035078871054
207.5460986219719,135.7894733561108
208.22707226573084,132.86778293847485
210.00405160111737,130.45068872400796
212.80895233996594,129.38648392924017
215.10557032458146,127.4563166223104
215.57917396669572,124.49393589219211
218.1378585696187,122.92768779474238
220.96303527496985,123.93683425762133
222.7379444879088,121.51821951239538
225.3068674452795,119.96882129402351
227.6670463089432,118.11691532137937
229.54445340399985,115.77697032214733
231.61093668406383,113.60219519510177
233.87927145235048,111.63886705671483
236.76031403886242,110.80244992710512
239.64135662537436,109.9660327974954
241.746490479626,107.82864854198972
242.90071221533609,105.05957429509522
244.05493395104617,102.29050004820071
247.05409762513725,102.3613326396574
249.62349578120416,100.81272258041075
252.6217240313323,100.91581166874526
255.54049117361163,100.22241541179649
258.2791225691058,98.9977121499353
261.01775396460005,97.77300888807409
262.92348874423146,95.45607665995362
264.8292235238629,93.13914443183316
267.13511994154715,91.22007129333349
269.9189332781104,90.1018658975441
272.8678470141398,89.550587585385
275.81676075016924,88.99930927322592
277.52201261619723,86.53108803650339
279.94186588438714,84.75786775677767
280.34609988535334,81.7852266966322
282.3858563261665,79.58536450500266
285.33037863721603,79.01109247910229
288.27490094826555,78.43682045320192
289.92164255017866,80.94445720850133
292.1311673472958,78.91517157781142
294.7918570269996,80.30107576941975
295.79959573653684,77.47539661330521
297.2154735274028,74.83053554297797
299.4156188998689,72.79108455312405
302.39296291449796,73.15908267615272
305.34441260047026,72.62154686230043
308.0478983383034,71.32109891434835
310.8210555112745,72.4654761659569
312.82261964400914,70.23080817662374
314.8241837767437,67.99614018729056
317.5478434843507,66.73849246349897
317.88385239279984,63.7573688475711
320.4735558863643,62.2429594526517
323.06325937992875,60.728550057732285
326.0496397062931,60.44301101258393
329.0295948269247,60.78922984370281
332.0128117601096,60.47234385543764
335.01157928593506,60.558328307839304
337.05040455775384,58.35760308396579
340.0184114272253,57.920641732391026
342.812460188253,56.82826289654706
345.057463495135,54.83829803452337
347.79566709400194,56.06395746974678
350.61444670173057,55.03707796218355
353.5487260597514,54.41257444010147
356.5309484808613,54.73868704493214
359.52542919566577,54.92058055406322
362.51990991047023,55.1024740631943
363.55298202818983,52.28595813041666
364.58605414590943,49.46944219763902
364.6781281761556,46.47085546836901
367.59972937813285,47.15221177501411
370.5532586361459,46.626222305480084
373.51137684201683,47.1257587707108
376.4392175307237,46.471733617102416
379.3760240910719,45.85922465627344
382.2403320792803,44.96718219725846
385.1046400674887,44.075139738243486
388.10212254872494,44.19801680966726
391.0996050299612,44.32089388109103
390.7848925758678,41.33744686945524
393.7667044378269,41.66729231793097
396.748516299786,41.99713776640671
398.81502740545716,39.82238907974479
401.5983241703375,38.70289851765569
404.51252073709276,37.99053739412917
407.4899423145356,38.35790743942114
410.46736389197844,38.72527748471312
413.0229466372446,37.15397330279999
416.002083801992,37.50716128903511
418.9536183415683,36.970091589938036
421.4230515398154,35.26659527958245
423.87403655951505,33.53666105158191
426.865767642168,33.75924840317224
429.62130146583894,32.573064038663325
432.022041588479,34.37207678557373
435.0220402748378,34.374884248009614
436.80165069178554,31.959726538067834
439.45706961705116,33.35570301757643
442.17342922183013,34.62904134556508
444.8897888266091,35.90237967355372
446.8197794725564,33.60561322775299
449.7539713179411,32.98069866200985
451.59631887985563,35.34834632606535
454.38098144971497,34.232257453249
456.9754511309141,32.72602803070459
459.56992081211325,31.219798608160183
461.9302746117224,33.07148161036949
463.71843756400045,30.66264926749045
466.65683961355114,30.057840706707598
469.59524166310183,29.453032145924748
472.14980757593247,31.02598891488055
475.01113179845174,31.92755626878406
477.68249770684565,30.562344130151132
480.35386361523956,29.197131991518212
483.2508344061789,28.417670487373034
486.14780519711826,27.638208983227855
488.54842705071934,25.839038419881277
490.2040730071486,28.340805089049173
492.7030606168732,30.000642709553993
495.6386818220101,30.618807849262364
498.6012803136722,31.091047382975447
501.58629069986904,31.390568658174537
504.39796675655765,32.436741565606184
507.20964281324626,33.48291447303782
510.02876455713516,32.45697461459939
512.043781100274,30.234429152549883
514.0587976434128,28.01188369050036
516.9728293819161,28.72491877168226
519.9716855100789,28.642082049270467
522.944830084269,29.04259589542802
525.4737710300625,30.65642912494374
528.002711975856,32.270262354459454
530.6215366170335,33.73373681571992
533.240361258211,35.1972112769804
534.6529398489206,32.55058668609695
537.6401922755086,32.27432061897369
540.6392078975172,32.351166561928025
543.6382235195257,32.42801250488236
546.5592177500015,33.11196623542809
549.4802119804772,33.79591996597383
551.2136775851314,36.244408683015564
554.1148350319186,35.480677402425705
557.0586666029365,34.90287494355411
560.0024981739545,34.32507248468252
562.4415736423482,36.071758163183354
564.7679234442921,34.17753098594321
567.2092597009101,35.92105537123944
569.6505959575281,37.66457975653568
572.6156627583572,37.20809441545547
575.3111481820378,35.89114402507415
577.1587550748662,38.254689829490175
579.943336198631,39.37098189036559
582.9427297769324,39.43129907235994
585.9421233552339,39.49161625435429
588.5737284797247,40.9319823428033
591.4103888296692,39.95558177999477
594.2470491796137,38.97918121718624
596.6904123716638,40.719863931449396
599.6894344044873,40.64326858799262
602.6809584638024,40.417915969771684
604.6887028593912,38.18879900514611
607.458928349793,37.037343086611564
609.3793262349955,39.342136344695746
612.2022152119323,40.35766469185714
614.7792820816418,41.89347924740926
617.1413109804811,43.74302499732955
619.985631886194,44.696879590715945
622.5812640661453,46.20110483528592
624.8077291370306,48.2117896161822
627.0341942079158,50.222474397078514
629.8338394910974,49.144519718829535
632.633484774279,48.06656504058057
635.3259688322728,49.389640849992
637.1967944781492,51.73485116097287
640.1662437780151,51.30780215263107
642.6986803875436,52.91614441058473
645.2311169970721,54.52448666853837
648.0521395027635,55.54518839890965
651.0518453638731,55.587197288737585
653.7996717021628,56.791128522073485
656.5474980404524,57.99505975540939
659.4417356290195,58.784609488438065
662.280565659445,59.75468374247974
665.1204213540833,58.78761619901116
667.9731247180081,59.716100726320064
670.8258280819329,60.64458525362896
671.0325212077914,63.6374564422575
671.2392143336499,66.63032763088604
673.9068897034072,65.25791802672617
676.8490134832704,64.6714816158822
679.7911372631336,64.08504520503821
681.0650687072302,66.80112669787705
683.7113855432898,68.21428175065354
686.4742463317297,69.38329854424613
689.027229952332,70.95882215020576
692.0216120807438,70.77531283423382
694.8976517866065,71.62877379426745
696.9886482970813,73.77999056465164
699.6804377574902,75.10447895676084
702.6497795354692,74.67668297086513
705.5020219073751,75.60658267078139
708.3542642792811,76.53648237069767
710.6552324565914,78.46146170747123
713.2927830188207,79.89091161274382
715.93033358105,81.32036151801641
718.9244011116541,81.50893410929673
720.280821038822,84.18477509507709
722.8878821924412,85.66910394721502
725.0359625576922,87.7633223561741
727.1840429229433,89.85754076513317
730.1819581333247,89.96936380106028
731.7600785752317,92.52074301059288
734.5410005925277,93.64611971806383
736.7772726417348,95.64589153553075
739.0135446909419,97.6456633529977
742.0117496547876,97.74942748346068
744.2302469612285,99.76890011296435
746.8377433774905,101.2524642130899
748.9374446362225,103.395185525832
751.8417666616346,104.14679285197155
753.994484184241,106.23624427946717
756.1472017068473,108.3256957069628
759.1446580671445,108.20218308366496
761.2039511148931,110.3837678616404
763.2632441626417,112.56535263961581
765.996484735102,113.80204013977796
767.7080809021605,116.26586614031257
770.1995969461656,117.9368980976567
773.1922456436605,118.14678800542234
774.2589179825445,120.95075129360207
775.3255903214285,123.75471458178178
778.2427748864367,123.05469014386681
781.1854473735592,123.6383669667165
784.0937800178571,124.37430258218244
787.0021126621549,125.11023819764836
789.0891192388486,127.26532602621522
791.4152075206999,129.15987433782777
793.7522751310014,131.0408621062302
796.089342741303,132.92184987463264
796.0021781848882,135.92058333062786
798.9846547114499,136.24436376318678
797.7034420746179,138.95701821578888
800.2558805109392,140.53342489833938
802.8083189472604,142.1098315808899
805.4893314844896,143.45600087753127
808.1249294894434,144.88904768635638
810.4876474412856,146.73771311851073
813.4730744977851,147.0330523985279
815.9094667172124,148.78347890458704
817.0785234421854,151.54632279699123
818.3536077903198,154.26186324138584
818.4089888681196,157.26135202053166
819.8260771704383,159.90556470929775
822.6378980580809,160.951348289116
825.3858985980422,162.15488185008212
828.1338991380036,163.35841541104824
829.9210197442806,165.76802117519728
831.4780442389986,168.33232901998662
834.4739681688795,168.4886613786534
836.2866671873951,170.87908440989133
839.2191054265311,171.51217679939953
840.382317213681,174.2774866081254
841.5455290008309,177.04279641685125
841.7436008334657,180.0362505336061
841.9888299771322,183.02621084556623
844.4375639828987,184.75932993235833
846.8862979886652,186.49244901915043
849.5177390500176,187.9331148168387
852.1491801113699,189.37378061452696
854.5027562434411,191.23407075064677
855.5967051644715,194.02750515262878
856.6906540855017,196.82093955461082
859.5481180528056,197.73466800199523
862.541017613127,197.94094990093015
864.9245602801349,199.7626865324313
866.3941755622278,202.37807004592202
867.8637908443206,204.99345355941276
870.1679773854589,206.91457937091943
872.7426258751078,208.4544446750122
874.5040292548738,210.88291294405528
876.22814933675,213.33799134265507
877.1036761465955,216.20739072322965
878.2659595445391,218.97309087018425
879.2316541284658,221.81341373397538
879.3278986621355,224.8118695014895
880.6357606590963,227.51177635116147
883.5276474137515,228.30989350938395
884.2288047465661,231.2268059857261
886.0292366178971,233.6264820215058
888.8667123861352,234.60051039104218
891.7041881543732,235.57453876057855
890.1270061252957,238.12649817388333
891.6264314974692,240.72490606204914
892.6511130059245,243.54448542894588
895.0056844794557,245.4035155997697
897.3602559529868,247.26254577059353
896.7984775935822,250.209477238223
899.2418217028315,251.95018673833977
900.7208897309262,254.5602361187669
902.2298870322132,257.1530969219548
903.7388843335004,259.74595772514266
906.287711096285,261.3281973192981
906.5363422306934,264.31787665979647
907.9567116399069,266.9603283133506
910.4681750684691,268.601227898028
911.8349018128067,271.2718192194983
913.2016285571443,273.9424105409686
912.0586035266099,276.71612533877527
913.790252250729,279.1658993479966
915.4875783004833,281.6395776376749
918.0005523978264,283.2781627548058
919.3528376687088,285.9560956415964
921.0206932010329,288.44973914524644
921.89364765678,291.3199221565179
922.766602112527,294.1901051677894
925.345207536155,295.7233351144172
925.8280246661812,298.6842281585769
925.7397992280628,301.6829305899743
925.1669085088547,304.6277219618452
926.338104589611,307.3896596404363
927.1240767790539,310.2848708101824
928.6406104798194,312.8733308802708
930.6859498610908,315.0680032511318
933.0057972545238,316.97018832918866
935.3256446479568,318.8723734072455
934.9698034853571,321.8511948297211
935.5834394415934,324.78776611494715
937.4544604061946,327.13282060259195
939.3254813707956,329.4778750902368
940.9073315027623,332.0269435789199
942.489181634729,334.57601206760296
940.482895310763,336.8064414402277
942.9473514289568,338.51713020253857
942.2687934584533,341.4393826010603
943.1309067174545,344.3128405751142
941.8058050866157,347.0043282061369
943.7686614113969,349.2730712608406
945.7315177361781,351.5418143155443
946.3461599205091,354.4781751559794
946.96080210484,357.4145359964145
947.536023947727,360.3588729050351
947.6111956574329,363.3579309595016
949.4650392466175,365.7165881933613
951.3188828358021,368.07524542722103
951.771661953425,371.04088044701774
952.065433499746,374.0264621790378
954.2320783949016,376.1014681786186
955.4196627473124,378.85639892292215
956.6072470997232,381.61132966722573
957.0155105800893,384.5834199973805
957.0777305485364,387.582774707235
959.4726606254991,389.38951484529014
961.5812811800656,391.5234593986606
960.8455964134962,394.4318555072121
960.1099116469269,397.3402516157637
960.4398992325887,400.32204775120107
960.7698868182504,403.30384388663845
959.7303801454038,406.1179913378406
961.6872094863118,408.3919348135149
962.4178495573101,411.30160233518325
961.113074521042,414.00300236197154
959.8082994847739,416.70440238875983
960.7746479126978,419.54450286512485
962.9454208380424,421.6151899266073
965.3997692576141,423.3403490019815
965.2562111515984,426.33691221175985
966.0157106024033,429.23918039099954
966.7752100532081,432.1414485702392
964.2483305918001,433.75850768712854
966.831671928147,435.2837445670661
966.2306717453672,438.2229279196827
965.6296715625874,441.16211127229934
968.5109321279906,441.9977772069005
968.8461264017138,444.9789925293593
969.3851166893959,447.93017694748437
968.9439146497068,450.8975563907262
968.4942719680622,453.8636685697989
968.0446292864175,456.8297807488716
966.228790853564,459.2178198578001
967.0326379713416,462.1081191176071
967.8364850891193,464.99841837741405
968.1090025828697,467.98601510649246
969.7173387821013,470.5184555638856
969.0421376459343,473.44148540049673
968.3669365097674,476.36451523710787
971.366897748041,476.3492650287268
970.3104885254501,479.1571110990136
969.6597416210088,482.08568216121444
970.06295211982,485.0584622226466
970.4661626186312,488.03124228407876
967.8379204079185,489.4777355892233
969.9809845761686,491.57708691064687
970.0646510610383,494.5759200035865
970.3370162877357,497.56353061798825
970.609381514433,500.55114123239
970.2484769891195,503.529353434972
971.9675428377702,503.1678844399612
